1 0
1.01 5.78623e-06
1.02 1.15829e-05
1.03 1.74004e-05
1.04 2.32493e-05
1.05 2.91402e-05
1.06 3.50836e-05
1.07 4.10906e-05
1.08 4.7172e-05
1.09 5.33389e-05
1.1 5.96029e-05
1.11 6.59755e-05
1.12 7.24686e-05
1.13 7.90944e-05
1.14 8.58655e-05
1.15 9.27947e-05
1.16 9.98953e-05
1.17 0.000107181
1.18 0.000114666
1.19 0.000122366
1.2 0.000130294
1.21 0.000138468
1.22 0.000146903
1.23 0.000155616
1.24 0.000164626
1.25 0.000173951
1.26 0.00018361
1.27 0.000193624
1.28 0.000204014
1.29 0.000214801
1.3 0.000226009
1.31 0.000237662
1.32 0.000249785
1.33 0.000262405
1.34 0.000275551
1.35 0.000289251
1.36 0.000303535
1.37 0.000318438
1.38 0.000333992
1.39 0.000350233
1.4 0.000367199
1.41 0.000384929
1.42 0.000403466
1.43 0.000422853
1.44 0.000443137
1.45 0.000464366
1.46 0.000486592
1.47 0.000509869
1.48 0.000534255
1.49 0.00055981
1.5 0.000586597
1.51 0.000614685
1.52 0.000644143
1.53 0.000675049
1.54 0.00070748
1.55 0.000741522
1.56 0.000777262
1.57 0.000814794
1.58 0.000854219
1.59 0.00089564
1.6 0.000939169
1.61 0.000984924
1.62 0.00103303
1.63 0.00108362
1.64 0.00113682
1.65 0.0011928
1.66 0.00125171
1.67 0.0013137
1.68 0.00137896
1.69 0.00144768
1.7 0.00152005
1.71 0.00159628
1.72 0.00167659
1.73 0.00176122
1.74 0.00185043
1.75 0.00194446
1.76 0.00204362
1.77 0.00214819
1.78 0.00225849
1.79 0.00237486
1.8 0.00249767
1.81 0.00262728
1.82 0.00276411
1.83 0.00290858
1.84 0.00306115
1.85 0.00322231
1.86 0.00339257
1.87 0.00357249
1.88 0.00376264
1.89 0.00396365
1.9 0.00417618
1.91 0.00440093
1.92 0.00463866
1.93 0.00489016
1.94 0.00515627
1.95 0.00543792
1.96 0.00573605
1.97 0.0060517
1.98 0.00638596
1.99 0.00673999
2 0.00711504
