1 0
1.01 5.78602e-06
1.02 1.15825e-05
1.03 1.73998e-05
1.04 2.32485e-05
1.05 2.91391e-05
1.06 3.50824e-05
1.07 4.10891e-05
1.08 4.71703e-05
1.09 5.3337e-05
1.1 5.96008e-05
1.11 6.59731e-05
1.12 7.2466e-05
1.13 7.90916e-05
1.14 8.58624e-05
1.15 9.27914e-05
1.16 9.98917e-05
1.17 0.000107177
1.18 0.000114662
1.19 0.000122361
1.2 0.000130289
1.21 0.000138463
1.22 0.000146897
1.23 0.000155611
1.24 0.00016462
1.25 0.000173945
1.26 0.000183604
1.27 0.000193617
1.28 0.000204006
1.29 0.000214793
1.3 0.000226
1.31 0.000237653
1.32 0.000249776
1.33 0.000262396
1.34 0.000275541
1.35 0.00028924
1.36 0.000303525
1.37 0.000318426
1.38 0.00033398
1.39 0.00035022
1.4 0.000367185
1.41 0.000384915
1.42 0.000403452
1.43 0.000422838
1.44 0.000443121
1.45 0.000464349
1.46 0.000486575
1.47 0.000509851
1.48 0.000534236
1.49 0.000559789
1.5 0.000586576
1.51 0.000614662
1.52 0.00064412
1.53 0.000675025
1.54 0.000707455
1.55 0.000741495
1.56 0.000777234
1.57 0.000814765
1.58 0.000854188
1.59 0.000895608
1.6 0.000939136
1.61 0.000984889
1.62 0.00103299
1.63 0.00108358
1.64 0.00113678
1.65 0.00119276
1.66 0.00125166
1.67 0.00131365
1.68 0.00137891
1.69 0.00144763
1.7 0.00151999
1.71 0.00159622
1.72 0.00167653
1.73 0.00176116
1.74 0.00185036
1.75 0.00194439
1.76 0.00204354
1.77 0.00214811
1.78 0.00225841
1.79 0.00237478
1.8 0.00249758
1.81 0.00262719
1.82 0.00276401
1.83 0.00290848
1.84 0.00306104
1.85 0.0032222
1.86 0.00339245
1.87 0.00357236
1.88 0.0037625
1.89 0.00396351
1.9 0.00417603
1.91 0.00440077
1.92 0.00463849
1.93 0.00488998
1.94 0.00515609
1.95 0.00543772
1.96 0.00573584
1.97 0.00605148
1.98 0.00638573
1.99 0.00673975
2 0.00711479
