1 0
1.02 2.1996e-05
1.04 4.41512e-05
1.06 6.66257e-05
1.08 8.95829e-05
1.1 0.000113191
1.12 0.000137626
1.14 0.000163069
1.16 0.000189715
1.18 0.000217769
1.2 0.000247449
1.22 0.000278993
1.24 0.000312655
1.26 0.000348711
1.28 0.000387461
1.3 0.000429235
1.32 0.000474392
1.34 0.000523327
1.36 0.000576475
1.38 0.000634317
1.4 0.000697382
1.42 0.000766259
1.44 0.000841599
1.46 0.000924123
1.48 0.00101464
1.5 0.00111404
1.52 0.00122332
1.54 0.00134359
1.56 0.0014761
1.58 0.00162222
1.6 0.00178353
1.62 0.00196174
1.64 0.00215881
1.66 0.00237693
1.68 0.00261853
1.7 0.00288637
1.72 0.00318354
1.74 0.00351352
1.76 0.00388021
1.78 0.00428804
1.8 0.00474196
1.82 0.00524759
1.84 0.00581123
1.86 0.00644005
1.88 0.00714211
1.9 0.00792655
1.92 0.00880371
1.94 0.0097853
1.96 0.0108846
1.98 0.0121166
2 0.0134985
