1 2.00009
1.01 2.00038
1.02 2.00086
1.03 2.00152
1.04 2.00235
1.05 2.00336
1.06 2.00454
1.07 2.00588
1.08 2.00738
1.09 2.00903
1.1 2.01083
1.11 2.01278
1.12 2.01488
1.13 2.01711
1.14 2.01947
1.15 2.02197
1.16 2.02459
1.17 2.02734
1.18 2.03021
1.19 2.0332
1.2 2.03631
1.21 2.03953
1.22 2.04285
1.23 2.04629
1.24 2.04983
1.25 2.05347
1.26 2.05721
1.27 2.06105
1.28 2.06498
1.29 2.069
1.3 2.07312
1.31 2.07733
1.32 2.08162
1.33 2.08599
1.34 2.09045
1.35 2.09499
1.36 2.09961
1.37 2.1043
1.38 2.10907
1.39 2.11392
1.4 2.11883
1.41 2.12382
1.42 2.12888
1.43 2.134
1.44 2.13919
1.45 2.14444
1.46 2.14976
1.47 2.15514
1.48 2.16058
1.49 2.16608
1.5 2.17164
1.51 2.17725
1.52 2.18292
1.53 2.18864
1.54 2.19442
1.55 2.20025
1.56 2.20613
1.57 2.21206
1.58 2.21804
1.59 2.22406
1.6 2.23013
1.61 2.23625
1.62 2.24241
1.63 2.24862
1.64 2.25487
1.65 2.26116
1.66 2.26749
1.67 2.27386
1.68 2.28027
1.69 2.28672
1.7 2.2932
1.71 2.29972
1.72 2.30627
1.73 2.31286
1.74 2.31948
1.75 2.32614
1.76 2.33282
1.77 2.33954
1.78 2.34628
1.79 2.35306
1.8 2.35986
1.81 2.36669
1.82 2.37354
1.83 2.38042
1.84 2.38732
1.85 2.39424
1.86 2.40119
1.87 2.40815
1.88 2.41514
1.89 2.42214
1.9 2.42916
1.91 2.43619
1.92 2.44324
1.93 2.45031
1.94 2.45738
1.95 2.46447
1.96 2.47156
1.97 2.47866
1.98 2.48577
1.99 2.49288
2 2.5
