1 2.00037
1.02 2.00149
1.04 2.00333
1.06 2.00584
1.08 2.00898
1.1 2.01272
1.12 2.01703
1.14 2.02188
1.16 2.02724
1.18 2.03309
1.2 2.03939
1.22 2.04614
1.24 2.0533
1.26 2.06086
1.28 2.0688
1.3 2.0771
1.32 2.08575
1.34 2.09472
1.36 2.104
1.38 2.11359
1.4 2.12346
1.42 2.1336
1.44 2.14401
1.46 2.15466
1.48 2.16555
1.5 2.17667
1.52 2.18801
1.54 2.19955
1.56 2.21129
1.58 2.22322
1.6 2.23532
1.62 2.2476
1.64 2.26003
1.66 2.27262
1.68 2.28535
1.7 2.29821
1.72 2.3112
1.74 2.3243
1.76 2.33751
1.78 2.35081
1.8 2.3642
1.82 2.37767
1.84 2.39119
1.86 2.40477
1.88 2.41839
1.9 2.43203
1.92 2.44568
1.94 2.45932
1.96 2.47293
1.98 2.4865
2 2.5
