24.998000	5.411067e+00	4.317498e-02	1.439071e-01	1.101775e-01
49.998000	5.457553e+00	4.841234e-02	9.319148e-02	1.091698e-01
74.998000	5.473049e+00	6.972377e-02	7.560951e-02	8.994502e-02
99.998000	5.480796e+00	7.900898e-02	7.084521e-02	7.767645e-02
124.998000	5.485445e+00	8.393994e-02	6.832825e-02	7.061385e-02
149.998000	5.488544e+00	8.721466e-02	6.440128e-02	6.816703e-02
174.998000	5.490758e+00	8.958788e-02	6.103215e-02	6.694932e-02
199.998000	5.492418e+00	9.137910e-02	6.095218e-02	6.357786e-02
224.998000	5.493709e+00	9.277390e-02	6.024037e-02	6.160359e-02
249.998000	5.494742e+00	9.388962e-02	5.828756e-02	6.140766e-02
274.998000	5.495587e+00	9.480235e-02	5.726917e-02	6.066811e-02
299.998000	5.496292e+00	9.556293e-02	5.761483e-02	5.885754e-02
324.998000	5.496888e+00	9.620650e-02	5.700178e-02	5.823105e-02
349.998000	5.497398e+00	9.675813e-02	5.570176e-02	5.846861e-02
374.998000	5.497841e+00	9.723621e-02	5.564681e-02	5.760276e-02
399.998000	5.498229e+00	9.765452e-02	5.585013e-02	5.659373e-02
424.998000	5.498570e+00	9.802363e-02	5.520070e-02	5.653225e-02
449.998000	5.498874e+00	9.835172e-02	5.439944e-02	5.670159e-02
474.998000	5.499146e+00	9.864528e-02	5.471252e-02	5.582310e-02
499.998000	5.499391e+00	9.890948e-02	5.470743e-02	5.531933e-02
524.998000	5.499612e+00	9.914852e-02	5.404320e-02	5.552315e-02
549.998000	5.499813e+00	9.936583e-02	5.372202e-02	5.542579e-02
574.998000	5.499997e+00	9.956424e-02	5.405722e-02	5.470844e-02
599.998000	5.500165e+00	9.974612e-02	5.387630e-02	5.453906e-02
624.998000	5.500320e+00	9.991344e-02	5.327345e-02	5.481962e-02
649.998000	5.500463e+00	1.000679e-01	5.333122e-02	5.446436e-02
674.998000	5.500596e+00	1.002109e-01	5.353938e-02	5.398075e-02
699.998000	5.500719e+00	1.003437e-01	5.322993e-02	5.403443e-02
724.998000	5.500833e+00	1.004674e-01	5.279848e-02	5.422773e-02
749.998000	5.500940e+00	1.005828e-01	5.304854e-02	5.375541e-02
774.998000	5.501040e+00	1.006907e-01	5.310109e-02	5.349494e-02
799.998000	5.501134e+00	1.007919e-01	5.271684e-02	5.368426e-02
824.998000	5.501222e+00	1.008870e-01	5.253965e-02	5.367834e-02
849.998000	5.501305e+00	1.009765e-01	5.280158e-02	5.324406e-02
874.998000	5.501383e+00	1.010608e-01	5.271540e-02	5.316775e-02
899.998000	5.501457e+00	1.011405e-01	5.232913e-02	5.340056e-02
924.998000	5.501527e+00	1.012159e-01	5.239247e-02	5.319204e-02
949.998000	5.501593e+00	1.012873e-01	5.256642e-02	5.288056e-02
974.998000	5.501655e+00	1.013550e-01	5.237087e-02	5.294564e-02
999.998000	5.501715e+00	1.014194e-01	5.207807e-02	5.311448e-02
1024.998000	5.501772e+00	1.014806e-01	5.227743e-02	5.279721e-02
1049.998000	5.501826e+00	1.015389e-01	5.233615e-02	5.262620e-02
1074.998000	5.501877e+00	1.015945e-01	5.206908e-02	5.278620e-02
1099.998000	5.501926e+00	1.016476e-01	5.194847e-02	5.280460e-02
1124.998000	5.501973e+00	1.016983e-01	5.215980e-02	5.249561e-02
1149.998000	5.502018e+00	1.017468e-01	5.210970e-02	5.245230e-02
1174.998000	5.502061e+00	1.017932e-01	5.182683e-02	5.264572e-02
1199.998000	5.502102e+00	1.018377e-01	5.188398e-02	5.250286e-02
1224.998000	5.502142e+00	1.018804e-01	5.203030e-02	5.227433e-02
1249.998000	5.502180e+00	1.019214e-01	5.188979e-02	5.233592e-02
1274.998000	5.502216e+00	1.019607e-01	5.166844e-02	5.248144e-02
1299.998000	5.502251e+00	1.019986e-01	5.183255e-02	5.224441e-02
1324.998000	5.502285e+00	1.020350e-01	5.188873e-02	5.211807e-02
1349.998000	5.502318e+00	1.020701e-01	5.168522e-02	5.225401e-02
1374.998000	5.502349e+00	1.021039e-01	5.159377e-02	5.228035e-02
1399.998000	5.502379e+00	1.021365e-01	5.177015e-02	5.204120e-02
1424.998000	5.502408e+00	1.021680e-01	5.173778e-02	5.201299e-02
1449.998000	5.502436e+00	1.021983e-01	5.151508e-02	5.217720e-02
1474.998000	5.502463e+00	1.022277e-01	5.156510e-02	5.207067e-02
1499.998000	5.502490e+00	1.022560e-01	5.169074e-02	5.189040e-02
1524.998000	5.502515e+00	1.022835e-01	5.158221e-02	5.194610e-02
1549.998000	5.502540e+00	1.023100e-01	5.140417e-02	5.207301e-02
1574.998000	5.502564e+00	1.023357e-01	5.154302e-02	5.188466e-02
1599.998000	5.502587e+00	1.023606e-01	5.159510e-02	5.178461e-02
1624.998000	5.502609e+00	1.023847e-01	5.143129e-02	5.190195e-02
1649.998000	5.502631e+00	1.024081e-01	5.135732e-02	5.193085e-02
1674.998000	5.502652e+00	1.024308e-01	5.150843e-02	5.173600e-02
1699.998000	5.502672e+00	1.024529e-01	5.148618e-02	5.171581e-02
1724.998000	5.502692e+00	1.024743e-01	5.130272e-02	5.185805e-02
1749.998000	5.502711e+00	1.024951e-01	5.134644e-02	5.177431e-02
1774.998000	5.502730e+00	1.025153e-01	5.145640e-02	5.162543e-02
1799.998000	5.502748e+00	1.025349e-01	5.136861e-02	5.167540e-02
1824.998000	5.502766e+00	1.025540e-01	5.121956e-02	5.178766e-02
1849.998000	5.502783e+00	1.025726e-01	5.133956e-02	5.163186e-02
1874.998000	5.502800e+00	1.025907e-01	5.138760e-02	5.154898e-02
1899.998000	5.502816e+00	1.026083e-01	5.125086e-02	5.165179e-02
1924.998000	5.502832e+00	1.026255e-01	5.118842e-02	5.168119e-02
1949.998000	5.502847e+00	1.026422e-01	5.132053e-02	5.151689e-02
1974.998000	5.502862e+00	1.026585e-01	5.130464e-02	5.150140e-02
1999.998000	5.502877e+00	1.026743e-01	5.114878e-02	5.162667e-02
2024.998000	5.502891e+00	1.026898e-01	5.118716e-02	5.155844e-02
2049.998000	5.502905e+00	1.027050e-01	5.128493e-02	5.143156e-02
2074.998000	5.502919e+00	1.027197e-01	5.121163e-02	5.147645e-02
2099.998000	5.502932e+00	1.027341e-01	5.108330e-02	5.157704e-02
2124.998000	5.502945e+00	1.027482e-01	5.118877e-02	5.144449e-02
2149.998000	5.502958e+00	1.027619e-01	5.123318e-02	5.137362e-02
2174.998000	5.502971e+00	1.027753e-01	5.111606e-02	5.146490e-02
2199.998000	5.502983e+00	1.027884e-01	5.106176e-02	5.149395e-02
2224.998000	5.502995e+00	1.028013e-01	5.117908e-02	5.135194e-02
2249.998000	5.503006e+00	1.028138e-01	5.116748e-02	5.133940e-02
2274.998000	5.503018e+00	1.028260e-01	5.103205e-02	5.145121e-02
2299.998000	5.503029e+00	1.028380e-01	5.106598e-02	5.139419e-02
2324.998000	5.503040e+00	1.028498e-01	5.115401e-02	5.128356e-02
2349.998000	5.503050e+00	1.028613e-01	5.109138e-02	5.132406e-02
2374.998000	5.503061e+00	1.028725e-01	5.097861e-02	5.141519e-02
2399.998000	5.503071e+00	1.028835e-01	5.107252e-02	5.130007e-02
2424.998000	5.503081e+00	1.028943e-01	5.111378e-02	5.123805e-02
2449.998000	5.503091e+00	1.029048e-01	5.101152e-02	5.131996e-02
2474.998000	5.503100e+00	1.029152e-01	5.096324e-02	5.134831e-02
2499.998000	5.503110e+00	1.029253e-01	5.106874e-02	5.122328e-02
2524.998000	5.503119e+00	1.029353e-01	5.106019e-02	5.121269e-02
2549.998000	5.503128e+00	1.029450e-01	5.094051e-02	5.131360e-02
2574.998000	5.503137e+00	1.029546e-01	5.097068e-02	5.126502e-02
2599.998000	5.503145e+00	1.029640e-01	5.105079e-02	5.116686e-02
2624.998000	5.503154e+00	1.029731e-01	5.099633e-02	5.120361e-02
2649.998000	5.503162e+00	1.029822e-01	5.089565e-02	5.128692e-02
2674.998000	5.503170e+00	1.029910e-01	5.098018e-02	5.118534e-02
2699.998000	5.503178e+00	1.029997e-01	5.101870e-02	5.113009e-02
2724.998000	5.503186e+00	1.030082e-01	5.092809e-02	5.120427e-02
2749.998000	5.503194e+00	1.030166e-01	5.088444e-02	5.123179e-02
2774.998000	5.503202e+00	1.030248e-01	5.098026e-02	5.112013e-02
2799.998000	5.503209e+00	1.030329e-01	5.097397e-02	5.111087e-02
2824.998000	5.503217e+00	1.030408e-01	5.086679e-02	5.120277e-02
2849.998000	5.503224e+00	1.030486e-01	5.089377e-02	5.116078e-02
2874.998000	5.503231e+00	1.030563e-01	5.096731e-02	5.107249e-02
2899.998000	5.503238e+00	1.030638e-01	5.091930e-02	5.110600e-02
2924.998000	5.503245e+00	1.030712e-01	5.082830e-02	5.118276e-02
2949.998000	5.503251e+00	1.030785e-01	5.090505e-02	5.109200e-02
2974.998000	5.503258e+00	1.030856e-01	5.094119e-02	5.104209e-02
2999.998000	5.503265e+00	1.030927e-01	5.085994e-02	5.110980e-02
3024.998000	5.503271e+00	1.030996e-01	5.081997e-02	5.113646e-02
3049.998000	5.503277e+00	1.031064e-01	5.090774e-02	5.103558e-02
3074.998000	5.503283e+00	1.031131e-01	5.090317e-02	5.102727e-02
3099.998000	5.503289e+00	1.031197e-01	5.080615e-02	5.111161e-02
3124.998000	5.503295e+00	1.031261e-01	5.083040e-02	5.107489e-02
3149.998000	5.503301e+00	1.031325e-01	5.089840e-02	5.099461e-02
3174.998000	5.503307e+00	1.031388e-01	5.085562e-02	5.102531e-02
3199.998000	5.503313e+00	1.031450e-01	5.077252e-02	5.109650e-02
3224.998000	5.503319e+00	1.031510e-01	5.084273e-02	5.101459e-02
3249.998000	5.503324e+00	1.031570e-01	5.087680e-02	5.096899e-02
3274.998000	5.503330e+00	1.031629e-01	5.080325e-02	5.103119e-02
3299.998000	5.503335e+00	1.031687e-01	5.076624e-02	5.105701e-02
3324.998000	5.503340e+00	1.031744e-01	5.084721e-02	5.096502e-02
3349.998000	5.503345e+00	1.031801e-01	5.084399e-02	5.095739e-02
3374.998000	5.503351e+00	1.031856e-01	5.075540e-02	5.103529e-02
3399.998000	5.503356e+00	1.031911e-01	5.077728e-02	5.100289e-02
3424.998000	5.503361e+00	1.031965e-01	5.084056e-02	5.092923e-02
3449.998000	5.503366e+00	1.032018e-01	5.080208e-02	5.095747e-02
3474.998000	5.503370e+00	1.032070e-01	5.072559e-02	5.102389e-02
3499.998000	5.503375e+00	1.032122e-01	5.079020e-02	5.094934e-02
3524.998000	5.503380e+00	1.032173e-01	5.082245e-02	5.090729e-02
3549.998000	5.503385e+00	1.032223e-01	5.075533e-02	5.096475e-02
3574.998000	5.503389e+00	1.032272e-01	5.072078e-02	5.098978e-02
3599.998000	5.503394e+00	1.032321e-01	5.079593e-02	5.090524e-02
3624.998000	5.503398e+00	1.032369e-01	5.079379e-02	5.089812e-02
3649.998000	5.503402e+00	1.032417e-01	5.071230e-02	5.097048e-02
3674.998000	5.503407e+00	1.032463e-01	5.073211e-02	5.094166e-02
3699.998000	5.503411e+00	1.032509e-01	5.079131e-02	5.087357e-02
3724.998000	5.503415e+00	1.032555e-01	5.075645e-02	5.089966e-02
3749.998000	5.503419e+00	1.032600e-01	5.068554e-02	5.096192e-02
3774.998000	5.503424e+00	1.032644e-01	5.074533e-02	5.089359e-02
3799.998000	5.503428e+00	1.032688e-01	5.077596e-02	5.085453e-02
3824.998000	5.503432e+00	1.032731e-01	5.071431e-02	5.090787e-02
3849.998000	5.503436e+00	1.032774e-01	5.068183e-02	5.093215e-02
3874.998000	5.503439e+00	1.032816e-01	5.075193e-02	5.085395e-02
3899.998000	5.503443e+00	1.032857e-01	5.075067e-02	5.084721e-02
3924.998000	5.503447e+00	1.032898e-01	5.067524e-02	5.091474e-02
3949.998000	5.503451e+00	1.032939e-01	5.069323e-02	5.088896e-02
3974.998000	5.503455e+00	1.032979e-01	5.074887e-02	5.082562e-02
3999.998000	5.503458e+00	1.033018e-01	5.071709e-02	5.084980e-02
4024.998000	5.503462e+00	1.033057e-01	5.065096e-02	5.090842e-02
4049.998000	5.503465e+00	1.033096e-01	5.070655e-02	5.084542e-02
4074.998000	5.503469e+00	1.033134e-01	5.073575e-02	5.080889e-02
4099.998000	5.503472e+00	1.033171e-01	5.067879e-02	5.085862e-02
4124.998000	5.503476e+00	1.033208e-01	5.064806e-02	5.088220e-02
4149.998000	5.503479e+00	1.033245e-01	5.071375e-02	5.080946e-02
4174.998000	5.503483e+00	1.033281e-01	5.071322e-02	5.080301e-02
4199.998000	5.503486e+00	1.033317e-01	5.064304e-02	5.086630e-02
4224.998000	5.503489e+00	1.033352e-01	5.065941e-02	5.084312e-02
4249.998000	5.503492e+00	1.033387e-01	5.071193e-02	5.078387e-02
4274.998000	5.503496e+00	1.033422e-01	5.068280e-02	5.080635e-02
4299.998000	5.503499e+00	1.033456e-01	5.062082e-02	5.086175e-02
4324.998000	5.503502e+00	1.033490e-01	5.067270e-02	5.080338e-02
4349.998000	5.503505e+00	1.033523e-01	5.070062e-02	5.076903e-02
4374.998000	5.503508e+00	1.033556e-01	5.064773e-02	5.081557e-02
4399.998000	5.503511e+00	1.033589e-01	5.061852e-02	5.083850e-02
4424.998000	5.503514e+00	1.033621e-01	5.068032e-02	5.077050e-02
4449.998000	5.503517e+00	1.033653e-01	5.068040e-02	5.076427e-02
4474.998000	5.503520e+00	1.033684e-01	5.061480e-02	5.082381e-02
4499.998000	5.503523e+00	1.033715e-01	5.062972e-02	5.080288e-02
4524.998000	5.503526e+00	1.033746e-01	5.067947e-02	5.074720e-02
4549.998000	5.503528e+00	1.033777e-01	5.065264e-02	5.076816e-02
4574.998000	5.503531e+00	1.033807e-01	5.059430e-02	5.082070e-02
4599.998000	5.503534e+00	1.033837e-01	5.064289e-02	5.076636e-02
4624.998000	5.503537e+00	1.033866e-01	5.066967e-02	5.073390e-02
4649.998000	5.503539e+00	1.033895e-01	5.062035e-02	5.077760e-02
4674.998000	5.503542e+00	1.033924e-01	5.059246e-02	5.079993e-02
4699.998000	5.503545e+00	1.033953e-01	5.065080e-02	5.073610e-02
4724.998000	5.503547e+00	1.033981e-01	5.065140e-02	5.073005e-02
4749.998000	5.503550e+00	1.034009e-01	5.058983e-02	5.078624e-02
4774.998000	5.503553e+00	1.034037e-01	5.060346e-02	5.076728e-02
4799.998000	5.503555e+00	1.034064e-01	5.065073e-02	5.071473e-02
4824.998000	5.503558e+00	1.034091e-01	5.062593e-02	5.073432e-02
4849.998000	5.503560e+00	1.034118e-01	5.057079e-02	5.078429e-02
4874.998000	5.503562e+00	1.034144e-01	5.061645e-02	5.073352e-02
4899.998000	5.503565e+00	1.034171e-01	5.064219e-02	5.070272e-02
4924.998000	5.503567e+00	1.034197e-01	5.059603e-02	5.074387e-02
4949.998000	5.503570e+00	1.034223e-01	5.056930e-02	5.076564e-02
4974.998000	5.503572e+00	1.034248e-01	5.062454e-02	5.070550e-02
4999.998000	5.503574e+00	1.034273e-01	5.062559e-02	5.069959e-02
5024.998000	5.503577e+00	1.034298e-01	5.056759e-02	5.075278e-02
5049.998000	5.503579e+00	1.034323e-01	5.058005e-02	5.073555e-02
5074.998000	5.503581e+00	1.034347e-01	5.062510e-02	5.068579e-02
5099.998000	5.503584e+00	1.034372e-01	5.060209e-02	5.070413e-02
5124.998000	5.503586e+00	1.034396e-01	5.054981e-02	5.075179e-02
5149.998000	5.503588e+00	1.034419e-01	5.059283e-02	5.070419e-02
5174.998000	5.503590e+00	1.034443e-01	5.061762e-02	5.067486e-02
5199.998000	5.503592e+00	1.034466e-01	5.057428e-02	5.071372e-02
5224.998000	5.503594e+00	1.034489e-01	5.054858e-02	5.073497e-02
5249.998000	5.503597e+00	1.034512e-01	5.060103e-02	5.067811e-02
5274.998000	5.503599e+00	1.034535e-01	5.060247e-02	5.067231e-02
5299.998000	5.503601e+00	1.034557e-01	5.054767e-02	5.072278e-02
5324.998000	5.503603e+00	1.034580e-01	5.055907e-02	5.070710e-02
5349.998000	5.503605e+00	1.034602e-01	5.060211e-02	5.065982e-02
5374.998000	5.503607e+00	1.034623e-01	5.058069e-02	5.067703e-02
5399.998000	5.503609e+00	1.034645e-01	5.053097e-02	5.072259e-02
5424.998000	5.503611e+00	1.034666e-01	5.057160e-02	5.067784e-02
5449.998000	5.503613e+00	1.034688e-01	5.059554e-02	5.064981e-02
5474.998000	5.503615e+00	1.034709e-01	5.055471e-02	5.068659e-02
5499.998000	5.503617e+00	1.034730e-01	5.052993e-02	5.070735e-02
5524.998000	5.503619e+00	1.034750e-01	5.057986e-02	5.065345e-02
5549.998000	5.503620e+00	1.034771e-01	5.058164e-02	5.064773e-02
5574.998000	5.503622e+00	1.034791e-01	5.052971e-02	5.069575e-02
5599.998000	5.503624e+00	1.034811e-01	5.054014e-02	5.068145e-02
5624.998000	5.503626e+00	1.034831e-01	5.058136e-02	5.063639e-02
5649.998000	5.503628e+00	1.034851e-01	5.056138e-02	5.065257e-02
5674.998000	5.503630e+00	1.034870e-01	5.051396e-02	5.069622e-02
5699.998000	5.503632e+00	1.034890e-01	5.055242e-02	5.065402e-02
5724.998000	5.503633e+00	1.034909e-01	5.057557e-02	5.062717e-02
5749.998000	5.503635e+00	1.034928e-01	5.053702e-02	5.066205e-02
5774.998000	5.503637e+00	1.034947e-01	5.051306e-02	5.068237e-02
5799.998000	5.503639e+00	1.034966e-01	5.056069e-02	5.063113e-02
5824.998000	5.503640e+00	1.034984e-01	5.056277e-02	5.062547e-02
5849.998000	5.503642e+00	1.035003e-01	5.051344e-02	5.067126e-02
5874.998000	5.503644e+00	1.035021e-01	5.052299e-02	5.065819e-02
5899.998000	5.503645e+00	1.035039e-01	5.056255e-02	5.061515e-02
5924.998000	5.503647e+00	1.035057e-01	5.054385e-02	5.063038e-02
5949.998000	5.503649e+00	1.035075e-01	5.049852e-02	5.067229e-02
5974.998000	5.503650e+00	1.035092e-01	5.053501e-02	5.063240e-02
5999.998000	5.503652e+00	1.035110e-01	5.055744e-02	5.060660e-02
6024.998000	5.503653e+00	1.035127e-01	5.052094e-02	5.063976e-02
6049.998000	5.503655e+00	1.035144e-01	5.049773e-02	5.065965e-02
6074.998000	5.503657e+00	1.035161e-01	5.054326e-02	5.061083e-02
6099.998000	5.503658e+00	1.035178e-01	5.054560e-02	5.060523e-02
6124.998000	5.503660e+00	1.035195e-01	5.049863e-02	5.064896e-02
6149.998000	5.503661e+00	1.035212e-01	5.050737e-02	5.063702e-02
6174.998000	5.503663e+00	1.035228e-01	5.054541e-02	5.059580e-02
6199.998000	5.503664e+00	1.035245e-01	5.052788e-02	5.061016e-02
6224.998000	5.503666e+00	1.035261e-01	5.048445e-02	5.065047e-02
6249.998000	5.503667e+00	1.035277e-01	5.051912e-02	5.061269e-02
6274.998000	5.503669e+00	1.035293e-01	5.054089e-02	5.058784e-02
6299.998000	5.503670e+00	1.035309e-01	5.050626e-02	5.061941e-02
6324.998000	5.503672e+00	1.035325e-01	5.048373e-02	5.063891e-02
6349.998000	5.503673e+00	1.035340e-01	5.052734e-02	5.059229e-02
6374.998000	5.503675e+00	1.035356e-01	5.052992e-02	5.058673e-02
6399.998000	5.503676e+00	1.035371e-01	5.048510e-02	5.062858e-02
6424.998000	5.503678e+00	1.035387e-01	5.049309e-02	5.061765e-02
6449.998000	5.503679e+00	1.035402e-01	5.052973e-02	5.057810e-02
6474.998000	5.503680e+00	1.035417e-01	5.051327e-02	5.059166e-02
6499.998000	5.503682e+00	1.035432e-01	5.047157e-02	5.063049e-02
6524.998000	5.503683e+00	1.035446e-01	5.050458e-02	5.059463e-02
6549.998000	5.503684e+00	1.035461e-01	5.052573e-02	5.057065e-02
6574.998000	5.503686e+00	1.035476e-01	5.049281e-02	5.060077e-02
6599.998000	5.503687e+00	1.035490e-01	5.047090e-02	5.061989e-02
6624.998000	5.503688e+00	1.035504e-01	5.051274e-02	5.057529e-02
6649.998000	5.503690e+00	1.035519e-01	5.051553e-02	5.056976e-02
6674.998000	5.503691e+00	1.035533e-01	5.047269e-02	5.060988e-02
6699.998000	5.503692e+00	1.035547e-01	5.047998e-02	5.059988e-02
6724.998000	5.503694e+00	1.035561e-01	5.051533e-02	5.056185e-02
6749.998000	5.503695e+00	1.035575e-01	5.049984e-02	5.057467e-02
6774.998000	5.503696e+00	1.035588e-01	5.045974e-02	5.061213e-02
6799.998000	5.503697e+00	1.035602e-01	5.049121e-02	5.057804e-02
6824.998000	5.503699e+00	1.035616e-01	5.051179e-02	5.055485e-02
6849.998000	5.503700e+00	1.035629e-01	5.048044e-02	5.058362e-02
6874.998000	5.503701e+00	1.035642e-01	5.045910e-02	5.060240e-02
6899.998000	5.503702e+00	1.035655e-01	5.049930e-02	5.055965e-02
6924.998000	5.503704e+00	1.035669e-01	5.050228e-02	5.055414e-02
6949.998000	5.503705e+00	1.035682e-01	5.046125e-02	5.059265e-02
6974.998001	5.503706e+00	1.035695e-01	5.046791e-02	5.058351e-02
6999.998001	5.503707e+00	1.035707e-01	5.050206e-02	5.054688e-02
7024.998001	5.503708e+00	1.035720e-01	5.048747e-02	5.055901e-02
7049.998001	5.503710e+00	1.035733e-01	5.044884e-02	5.059520e-02
7074.998001	5.503711e+00	1.035745e-01	5.047888e-02	5.056274e-02
7099.998001	5.503712e+00	1.035758e-01	5.049893e-02	5.054028e-02
7124.998001	5.503713e+00	1.035770e-01	5.046903e-02	5.056779e-02
7149.998001	5.503714e+00	1.035783e-01	5.044821e-02	5.058624e-02
7174.998001	5.503715e+00	1.035795e-01	5.048689e-02	5.054520e-02
7199.998001	5.503716e+00	1.035807e-01	5.049004e-02	5.053971e-02
7224.998001	5.503718e+00	1.035819e-01	5.045069e-02	5.057674e-02
7249.998001	5.503719e+00	1.035831e-01	5.045675e-02	5.056838e-02
7274.998001	5.503720e+00	1.035843e-01	5.048979e-02	5.053304e-02
7299.998001	5.503721e+00	1.035855e-01	5.047603e-02	5.054453e-02
7324.998001	5.503722e+00	1.035867e-01	5.043876e-02	5.057954e-02
7349.998001	5.503723e+00	1.035878e-01	5.046747e-02	5.054858e-02
7374.998001	5.503724e+00	1.035890e-01	5.048703e-02	5.052679e-02
7399.998001	5.503725e+00	1.035901e-01	5.045846e-02	5.055315e-02
7424.998001	5.503726e+00	1.035913e-01	5.043812e-02	5.057128e-02
7449.998001	5.503727e+00	1.035924e-01	5.047540e-02	5.053183e-02
7474.998001	5.503728e+00	1.035935e-01	5.047870e-02	5.052635e-02
7499.998001	5.503729e+00	1.035946e-01	5.044091e-02	5.056199e-02
7524.998001	5.503730e+00	1.035958e-01	5.044641e-02	5.055435e-02
7549.998001	5.503731e+00	1.035969e-01	5.047842e-02	5.052021e-02
7574.998001	5.503732e+00	1.035980e-01	5.046541e-02	5.053110e-02
7599.998001	5.503733e+00	1.035991e-01	5.042941e-02	5.056501e-02
7624.998001	5.503734e+00	1.036001e-01	5.045689e-02	5.053544e-02
7649.998001	5.503735e+00	1.036012e-01	5.047598e-02	5.051428e-02
7674.998001	5.503736e+00	1.036023e-01	5.044865e-02	5.053955e-02
7699.998001	5.503737e+00	1.036033e-01	5.042876e-02	5.055739e-02
7724.998001	5.503738e+00	1.036044e-01	5.046472e-02	5.051940e-02
7749.998001	5.503739e+00	1.036054e-01	5.046817e-02	5.051394e-02
7774.998001	5.503740e+00	1.036065e-01	5.043182e-02	5.054828e-02
7799.998001	5.503741e+00	1.036075e-01	5.043679e-02	5.054131e-02
7824.998001	5.503742e+00	1.036085e-01	5.046784e-02	5.050828e-02
7849.998001	5.503743e+00	1.036096e-01	5.045554e-02	5.051862e-02
7874.998001	5.503744e+00	1.036106e-01	5.042071e-02	5.055149e-02
7899.998001	5.503745e+00	1.036116e-01	5.044704e-02	5.052322e-02
7924.998001	5.503746e+00	1.036126e-01	5.046570e-02	5.050263e-02
7949.998001	5.503747e+00	1.036136e-01	5.043952e-02	5.052689e-02
7974.998001	5.503748e+00	1.036146e-01	5.042005e-02	5.054446e-02
7999.998001	5.503749e+00	1.036156e-01	5.045478e-02	5.050784e-02
8024.998001	5.503750e+00	1.036165e-01	5.045835e-02	5.050238e-02
8049.998001	5.503751e+00	1.036175e-01	5.042335e-02	5.053551e-02
8074.998001	5.503751e+00	1.036185e-01	5.042784e-02	5.052916e-02
8099.998001	5.503752e+00	1.036194e-01	5.045799e-02	5.049717e-02
8124.998001	5.503753e+00	1.036204e-01	5.044634e-02	5.050697e-02
8149.998001	5.503754e+00	1.036213e-01	5.041261e-02	5.053888e-02
8174.998001	5.503755e+00	1.036223e-01	5.043785e-02	5.051183e-02
8199.998001	5.503756e+00	1.036232e-01	5.045610e-02	5.049177e-02
8224.998001	5.503757e+00	1.036241e-01	5.043100e-02	5.051508e-02
8249.998001	5.503758e+00	1.036251e-01	5.041192e-02	5.053238e-02
8274.998001	5.503758e+00	1.036260e-01	5.044549e-02	5.049704e-02
8299.998001	5.503759e+00	1.036269e-01	5.044919e-02	5.049158e-02
8324.998001	5.503760e+00	1.036278e-01	5.041544e-02	5.052358e-02
8349.998001	5.503761e+00	1.036287e-01	5.041947e-02	5.051781e-02
8374.998001	5.503762e+00	1.036296e-01	5.044877e-02	5.048678e-02
8399.998001	5.503763e+00	1.036305e-01	5.043774e-02	5.049610e-02
8424.998001	5.503763e+00	1.036314e-01	5.040503e-02	5.052710e-02
8449.998001	5.503764e+00	1.036323e-01	5.042926e-02	5.050117e-02
8474.998001	5.503765e+00	1.036331e-01	5.044713e-02	5.048161e-02
8499.998001	5.503766e+00	1.036340e-01	5.042303e-02	5.050403e-02
8524.998001	5.503767e+00	1.036349e-01	5.040431e-02	5.052108e-02
8549.998001	5.503767e+00	1.036357e-01	5.043681e-02	5.048694e-02
8574.998001	5.503768e+00	1.036366e-01	5.044061e-02	5.048148e-02
8599.998001	5.503769e+00	1.036375e-01	5.040804e-02	5.051242e-02
8624.998001	5.503770e+00	1.036383e-01	5.041164e-02	5.050719e-02
8649.998001	5.503771e+00	1.036391e-01	5.044015e-02	5.047706e-02
8674.998001	5.503771e+00	1.036400e-01	5.042968e-02	5.048591e-02
8699.998001	5.503772e+00	1.036408e-01	5.039794e-02	5.051606e-02
8724.998001	5.503773e+00	1.036416e-01	5.042121e-02	5.049119e-02
8749.998001	5.503774e+00	1.036425e-01	5.043872e-02	5.047209e-02
8774.998001	5.503774e+00	1.036433e-01	5.041557e-02	5.049368e-02
8799.998001	5.503775e+00	1.036441e-01	5.039719e-02	5.051049e-02
8824.998001	5.503776e+00	1.036449e-01	5.042866e-02	5.047746e-02
8849.998001	5.503777e+00	1.036457e-01	5.043257e-02	5.047201e-02
8874.998001	5.503777e+00	1.036465e-01	5.040109e-02	5.050194e-02
8899.998001	5.503778e+00	1.036473e-01	5.040429e-02	5.049722e-02
8924.998001	5.503779e+00	1.036481e-01	5.043205e-02	5.046793e-02
8949.998001	5.503780e+00	1.036489e-01	5.042212e-02	5.047635e-02
8974.998001	5.503780e+00	1.036496e-01	5.039128e-02	5.050569e-02
8999.998001	5.503781e+00	1.036504e-01	5.041366e-02	5.048182e-02
9024.998001	5.503782e+00	1.036512e-01	5.043083e-02	5.046316e-02
9049.998001	5.503782e+00	1.036520e-01	5.040855e-02	5.048395e-02
9074.998001	5.503783e+00	1.036527e-01	5.039049e-02	5.050054e-02
9099.998001	5.503784e+00	1.036535e-01	5.042100e-02	5.046856e-02
9124.998001	5.503785e+00	1.036542e-01	5.042501e-02	5.046311e-02
9149.998001	5.503785e+00	1.036550e-01	5.039457e-02	5.049210e-02
9174.998001	5.503786e+00	1.036557e-01	5.039738e-02	5.048784e-02
9199.998001	5.503787e+00	1.036565e-01	5.042444e-02	5.045936e-02
9224.998001	5.503787e+00	1.036572e-01	5.041501e-02	5.046736e-02
9249.998001	5.503788e+00	1.036580e-01	5.038502e-02	5.049593e-02
9274.998001	5.503789e+00	1.036587e-01	5.040655e-02	5.047300e-02
9299.998001	5.503789e+00	1.036594e-01	5.042339e-02	5.045475e-02
9324.998001	5.503790e+00	1.036601e-01	5.040195e-02	5.047480e-02
9349.998001	5.503791e+00	1.036609e-01	5.038419e-02	5.049117e-02
9374.998001	5.503791e+00	1.036616e-01	5.041380e-02	5.046019e-02
9399.998001	5.503792e+00	1.036623e-01	5.041789e-02	5.045473e-02
9424.998001	5.503793e+00	1.036630e-01	5.038843e-02	5.048282e-02
9449.998001	5.503793e+00	1.036637e-01	5.039088e-02	5.047902e-02
9474.998001	5.503794e+00	1.036644e-01	5.041726e-02	5.045128e-02
9499.998001	5.503795e+00	1.036651e-01	5.040831e-02	5.045889e-02
9524.998001	5.503795e+00	1.036658e-01	5.037912e-02	5.048674e-02
9549.998001	5.503796e+00	1.036665e-01	5.039985e-02	5.046469e-02
9574.998001	5.503797e+00	1.036672e-01	5.041639e-02	5.044683e-02
9599.998001	5.503797e+00	1.036679e-01	5.039572e-02	5.046618e-02
9624.998001	5.503798e+00	1.036685e-01	5.037826e-02	5.048234e-02
9649.998001	5.503798e+00	1.036692e-01	5.040700e-02	5.045229e-02
9674.998001	5.503799e+00	1.036699e-01	5.041117e-02	5.044683e-02
9699.998001	5.503800e+00	1.036705e-01	5.038263e-02	5.047408e-02
9724.998001	5.503800e+00	1.036712e-01	5.038474e-02	5.047069e-02
9749.998001	5.503801e+00	1.036719e-01	5.041050e-02	5.044366e-02
9774.998001	5.503801e+00	1.036725e-01	5.040199e-02	5.045090e-02
9799.998001	5.503802e+00	1.036732e-01	5.037356e-02	5.047806e-02
9824.998001	5.503803e+00	1.036738e-01	5.039352e-02	5.045685e-02
9849.998001	5.503803e+00	1.036745e-01	5.040977e-02	5.043935e-02
9874.998001	5.503804e+00	1.036751e-01	5.038985e-02	5.045803e-02
9899.998001	5.503804e+00	1.036758e-01	5.037265e-02	5.047399e-02
9924.998001	5.503805e+00	1.036764e-01	5.040058e-02	5.044483e-02
9949.998001	5.503806e+00	1.036771e-01	5.040483e-02	5.043936e-02
9974.998001	5.503806e+00	1.036777e-01	5.037716e-02	5.046581e-02
9999.998001	5.503807e+00	1.036783e-01	5.037894e-02	5.046282e-02
