tiempo	 $x$	 $y$	 $z$	 $w$	 
2.000000e-03	5.406108e+00	5.546980e-01	-5.546990e-01	-5.547002e+00
4.000000e-03	5.403889e+00	5.546913e-01	-5.546952e-01	-5.547002e+00
6.000000e-03	5.401671e+00	5.546802e-01	-5.546890e-01	-5.547002e+00
8.000000e-03	5.399452e+00	5.546647e-01	-5.546802e-01	-5.547002e+00
1.000000e-02	5.397233e+00	5.546447e-01	-5.546689e-01	-5.547002e+00
1.200000e-02	5.395015e+00	5.546202e-01	-5.546549e-01	-5.547002e+00
1.400000e-02	5.392796e+00	5.545914e-01	-5.546383e-01	-5.547002e+00
1.600000e-02	5.390578e+00	5.545580e-01	-5.546191e-01	-5.547002e+00
1.800000e-02	5.388359e+00	5.545202e-01	-5.545972e-01	-5.547002e+00
2.000000e-02	5.386141e+00	5.544780e-01	-5.545726e-01	-5.547002e+00
2.200000e-02	5.383923e+00	5.544312e-01	-5.545452e-01	-5.547003e+00
2.400000e-02	5.381705e+00	5.543801e-01	-5.545151e-01	-5.547003e+00
2.600000e-02	5.379488e+00	5.543244e-01	-5.544822e-01	-5.547003e+00
2.800000e-02	5.377270e+00	5.542643e-01	-5.544464e-01	-5.547003e+00
3.000000e-02	5.375053e+00	5.541998e-01	-5.544078e-01	-5.547003e+00
3.200000e-02	5.372836e+00	5.541307e-01	-5.543663e-01	-5.547004e+00
3.400000e-02	5.370619e+00	5.540572e-01	-5.543218e-01	-5.547004e+00
3.600000e-02	5.368402e+00	5.539792e-01	-5.542745e-01	-5.547004e+00
3.800000e-02	5.366186e+00	5.538968e-01	-5.542241e-01	-5.547005e+00
4.000000e-02	5.363970e+00	5.538099e-01	-5.541707e-01	-5.547005e+00
4.200000e-02	5.361754e+00	5.537185e-01	-5.541143e-01	-5.547006e+00
4.400000e-02	5.359538e+00	5.536226e-01	-5.540548e-01	-5.547007e+00
4.600000e-02	5.357323e+00	5.535222e-01	-5.539922e-01	-5.547007e+00
4.800000e-02	5.355108e+00	5.534174e-01	-5.539265e-01	-5.547008e+00
5.000000e-02	5.352894e+00	5.533080e-01	-5.538575e-01	-5.547009e+00
5.200000e-02	5.350680e+00	5.531942e-01	-5.537854e-01	-5.547010e+00
5.400000e-02	5.348466e+00	5.530759e-01	-5.537101e-01	-5.547011e+00
5.600000e-02	5.346253e+00	5.529531e-01	-5.536314e-01	-5.547012e+00
5.800000e-02	5.344040e+00	5.528258e-01	-5.535495e-01	-5.547013e+00
6.000000e-02	5.341827e+00	5.526940e-01	-5.534642e-01	-5.547014e+00
6.200000e-02	5.339615e+00	5.525578e-01	-5.533755e-01	-5.547015e+00
6.400000e-02	5.337403e+00	5.524170e-01	-5.532834e-01	-5.547017e+00
6.600000e-02	5.335192e+00	5.522717e-01	-5.531879e-01	-5.547018e+00
6.800000e-02	5.332981e+00	5.521220e-01	-5.530888e-01	-5.547020e+00
7.000000e-02	5.330771e+00	5.519677e-01	-5.529863e-01	-5.547021e+00
7.200000e-02	5.328562e+00	5.518089e-01	-5.528802e-01	-5.547023e+00
7.400000e-02	5.326353e+00	5.516457e-01	-5.527705e-01	-5.547025e+00
7.600000e-02	5.324144e+00	5.514779e-01	-5.526572e-01	-5.547027e+00
7.800000e-02	5.321936e+00	5.513056e-01	-5.525402e-01	-5.547029e+00
8.000000e-02	5.319729e+00	5.511288e-01	-5.524195e-01	-5.547031e+00
8.200000e-02	5.317522e+00	5.509475e-01	-5.522951e-01	-5.547034e+00
8.400000e-02	5.315316e+00	5.507617e-01	-5.521669e-01	-5.547036e+00
8.600000e-02	5.313110e+00	5.505714e-01	-5.520348e-01	-5.547039e+00
8.800000e-02	5.310905e+00	5.503766e-01	-5.518989e-01	-5.547041e+00
9.000000e-02	5.308701e+00	5.501772e-01	-5.517591e-01	-5.547044e+00
9.200000e-02	5.306497e+00	5.499734e-01	-5.516154e-01	-5.547047e+00
9.400000e-02	5.304295e+00	5.497650e-01	-5.514677e-01	-5.547051e+00
9.600000e-02	5.302093e+00	5.495521e-01	-5.513160e-01	-5.547054e+00
9.800000e-02	5.299891e+00	5.493347e-01	-5.511602e-01	-5.547057e+00
1.000000e-01	5.297691e+00	5.491128e-01	-5.510003e-01	-5.547061e+00
1.020000e-01	5.295491e+00	5.488863e-01	-5.508363e-01	-5.547065e+00
1.040000e-01	5.293292e+00	5.486554e-01	-5.506681e-01	-5.547069e+00
1.060000e-01	5.291093e+00	5.484199e-01	-5.504957e-01	-5.547073e+00
1.080000e-01	5.288896e+00	5.481799e-01	-5.503190e-01	-5.547077e+00
1.100000e-01	5.286699e+00	5.479353e-01	-5.501380e-01	-5.547082e+00
1.120000e-01	5.284504e+00	5.476863e-01	-5.499526e-01	-5.547086e+00
1.140000e-01	5.282309e+00	5.474327e-01	-5.497629e-01	-5.547091e+00
1.160000e-01	5.280115e+00	5.471746e-01	-5.495687e-01	-5.547096e+00
1.180000e-01	5.277922e+00	5.469119e-01	-5.493700e-01	-5.547101e+00
1.200000e-01	5.275730e+00	5.466448e-01	-5.491668e-01	-5.547107e+00
1.220000e-01	5.273539e+00	5.463731e-01	-5.489590e-01	-5.547112e+00
1.240000e-01	5.271349e+00	5.460969e-01	-5.487466e-01	-5.547118e+00
1.260000e-01	5.269159e+00	5.458161e-01	-5.485295e-01	-5.547124e+00
1.280000e-01	5.266971e+00	5.455308e-01	-5.483078e-01	-5.547131e+00
1.300000e-01	5.264784e+00	5.452410e-01	-5.480812e-01	-5.547137e+00
1.320000e-01	5.262598e+00	5.449466e-01	-5.478499e-01	-5.547144e+00
1.340000e-01	5.260413e+00	5.446478e-01	-5.476137e-01	-5.547151e+00
1.360000e-01	5.258229e+00	5.443443e-01	-5.473725e-01	-5.547158e+00
1.380000e-01	5.256046e+00	5.440364e-01	-5.471265e-01	-5.547166e+00
1.400000e-01	5.253864e+00	5.437239e-01	-5.468754e-01	-5.547173e+00
1.420000e-01	5.251684e+00	5.434069e-01	-5.466193e-01	-5.547181e+00
1.440000e-01	5.249504e+00	5.430853e-01	-5.463581e-01	-5.547190e+00
1.460000e-01	5.247326e+00	5.427592e-01	-5.460917e-01	-5.547198e+00
1.480000e-01	5.245149e+00	5.424286e-01	-5.458202e-01	-5.547207e+00
1.500000e-01	5.242973e+00	5.420934e-01	-5.455433e-01	-5.547216e+00
1.520000e-01	5.240798e+00	5.417537e-01	-5.452612e-01	-5.547225e+00
1.540000e-01	5.238625e+00	5.414095e-01	-5.449737e-01	-5.547235e+00
1.560000e-01	5.236453e+00	5.410607e-01	-5.446808e-01	-5.547245e+00
1.580000e-01	5.234282e+00	5.407073e-01	-5.443825e-01	-5.547255e+00
1.600000e-01	5.232112e+00	5.403495e-01	-5.440786e-01	-5.547265e+00
1.620000e-01	5.229944e+00	5.399871e-01	-5.437692e-01	-5.547276e+00
1.640000e-01	5.227777e+00	5.396201e-01	-5.434541e-01	-5.547287e+00
1.660000e-01	5.225612e+00	5.392487e-01	-5.431334e-01	-5.547299e+00
1.680000e-01	5.223448e+00	5.388726e-01	-5.428069e-01	-5.547310e+00
1.700000e-01	5.221285e+00	5.384921e-01	-5.424747e-01	-5.547323e+00
1.720000e-01	5.219124e+00	5.381070e-01	-5.421366e-01	-5.547335e+00
1.740000e-01	5.216964e+00	5.377173e-01	-5.417926e-01	-5.547348e+00
1.760000e-01	5.214806e+00	5.373232e-01	-5.414426e-01	-5.547361e+00
1.780000e-01	5.212649e+00	5.369245e-01	-5.410866e-01	-5.547374e+00
1.800000e-01	5.210494e+00	5.365212e-01	-5.407246e-01	-5.547388e+00
1.820000e-01	5.208340e+00	5.361134e-01	-5.403564e-01	-5.547402e+00
1.840000e-01	5.206188e+00	5.357011e-01	-5.399820e-01	-5.547417e+00
1.860000e-01	5.204037e+00	5.352842e-01	-5.396014e-01	-5.547432e+00
1.880000e-01	5.201888e+00	5.348628e-01	-5.392144e-01	-5.547447e+00
1.900000e-01	5.199741e+00	5.344368e-01	-5.388211e-01	-5.547463e+00
1.920000e-01	5.197595e+00	5.340063e-01	-5.384213e-01	-5.547479e+00
1.940000e-01	5.195451e+00	5.335713e-01	-5.380150e-01	-5.547496e+00
1.960000e-01	5.193309e+00	5.331317e-01	-5.376022e-01	-5.547513e+00
1.980000e-01	5.191168e+00	5.326876e-01	-5.371827e-01	-5.547530e+00
2.000000e-01	5.189030e+00	5.322390e-01	-5.367566e-01	-5.547548e+00
2.020000e-01	5.186892e+00	5.317858e-01	-5.363237e-01	-5.547566e+00
2.040000e-01	5.184757e+00	5.313280e-01	-5.358840e-01	-5.547585e+00
2.060000e-01	5.182624e+00	5.308658e-01	-5.354374e-01	-5.547604e+00
2.080000e-01	5.180492e+00	5.303990e-01	-5.349839e-01	-5.547623e+00
2.100000e-01	5.178362e+00	5.299277e-01	-5.345233e-01	-5.547643e+00
2.120000e-01	5.176234e+00	5.294518e-01	-5.340557e-01	-5.547664e+00
2.140000e-01	5.174108e+00	5.289714e-01	-5.335809e-01	-5.547685e+00
2.160000e-01	5.171984e+00	5.284865e-01	-5.330989e-01	-5.547706e+00
2.180000e-01	5.169862e+00	5.279970e-01	-5.326096e-01	-5.547728e+00
2.200000e-01	5.167742e+00	5.275030e-01	-5.321129e-01	-5.547750e+00
2.220000e-01	5.165623e+00	5.270045e-01	-5.316088e-01	-5.547773e+00
2.240000e-01	5.163507e+00	5.265014e-01	-5.310972e-01	-5.547797e+00
2.260000e-01	5.161393e+00	5.259938e-01	-5.305781e-01	-5.547821e+00
2.280000e-01	5.159281e+00	5.254817e-01	-5.300513e-01	-5.547845e+00
2.300000e-01	5.157171e+00	5.249650e-01	-5.295168e-01	-5.547870e+00
2.320000e-01	5.155063e+00	5.244438e-01	-5.289745e-01	-5.547896e+00
2.340000e-01	5.152957e+00	5.239181e-01	-5.284244e-01	-5.547922e+00
2.360000e-01	5.150854e+00	5.233879e-01	-5.278663e-01	-5.547948e+00
2.380000e-01	5.148752e+00	5.228531e-01	-5.273002e-01	-5.547976e+00
2.400000e-01	5.146653e+00	5.223139e-01	-5.267260e-01	-5.548003e+00
2.420000e-01	5.144556e+00	5.217701e-01	-5.261437e-01	-5.548032e+00
2.440000e-01	5.142461e+00	5.212217e-01	-5.255531e-01	-5.548061e+00
2.460000e-01	5.140369e+00	5.206689e-01	-5.249542e-01	-5.548090e+00
2.480000e-01	5.138279e+00	5.201115e-01	-5.243469e-01	-5.548120e+00
2.500000e-01	5.136191e+00	5.195496e-01	-5.237311e-01	-5.548151e+00
2.520000e-01	5.134106e+00	5.189832e-01	-5.231068e-01	-5.548183e+00
2.540000e-01	5.132023e+00	5.184123e-01	-5.224738e-01	-5.548215e+00
2.560000e-01	5.129942e+00	5.178369e-01	-5.218322e-01	-5.548247e+00
2.580000e-01	5.127864e+00	5.172569e-01	-5.211817e-01	-5.548281e+00
2.600000e-01	5.125788e+00	5.166725e-01	-5.205223e-01	-5.548315e+00
2.620000e-01	5.123715e+00	5.160835e-01	-5.198540e-01	-5.548349e+00
2.640000e-01	5.121645e+00	5.154900e-01	-5.191766e-01	-5.548385e+00
2.660000e-01	5.119577e+00	5.148920e-01	-5.184901e-01	-5.548421e+00
2.680000e-01	5.117511e+00	5.142895e-01	-5.177944e-01	-5.548457e+00
2.700000e-01	5.115448e+00	5.136825e-01	-5.170894e-01	-5.548495e+00
2.720000e-01	5.113388e+00	5.130710e-01	-5.163749e-01	-5.548533e+00
2.740000e-01	5.111330e+00	5.124550e-01	-5.156510e-01	-5.548572e+00
2.760000e-01	5.109276e+00	5.118345e-01	-5.149176e-01	-5.548611e+00
2.780000e-01	5.107223e+00	5.112095e-01	-5.141744e-01	-5.548652e+00
2.800000e-01	5.105174e+00	5.105800e-01	-5.134216e-01	-5.548693e+00
2.820000e-01	5.103127e+00	5.099460e-01	-5.126588e-01	-5.548734e+00
2.840000e-01	5.101084e+00	5.093075e-01	-5.118862e-01	-5.548777e+00
2.860000e-01	5.099043e+00	5.086646e-01	-5.111035e-01	-5.548820e+00
2.880000e-01	5.097005e+00	5.080171e-01	-5.103107e-01	-5.548865e+00
2.900000e-01	5.094969e+00	5.073651e-01	-5.095077e-01	-5.548910e+00
2.920000e-01	5.092937e+00	5.067087e-01	-5.086944e-01	-5.548955e+00
2.940000e-01	5.090908e+00	5.060478e-01	-5.078707e-01	-5.549002e+00
2.960000e-01	5.088881e+00	5.053824e-01	-5.070364e-01	-5.549049e+00
2.980000e-01	5.086858e+00	5.047125e-01	-5.061916e-01	-5.549098e+00
3.000000e-01	5.084838e+00	5.040381e-01	-5.053361e-01	-5.549147e+00
3.020000e-01	5.082821e+00	5.033593e-01	-5.044698e-01	-5.549197e+00
3.040000e-01	5.080807e+00	5.026760e-01	-5.035926e-01	-5.549248e+00
3.060000e-01	5.078796e+00	5.019882e-01	-5.027044e-01	-5.549300e+00
3.080000e-01	5.076788e+00	5.012959e-01	-5.018051e-01	-5.549352e+00
3.100000e-01	5.074783e+00	5.005992e-01	-5.008946e-01	-5.549406e+00
3.120000e-01	5.072782e+00	4.998981e-01	-4.999728e-01	-5.549460e+00
3.140000e-01	5.070784e+00	4.991924e-01	-4.990396e-01	-5.549516e+00
3.160000e-01	5.068789e+00	4.984823e-01	-4.980948e-01	-5.549572e+00
3.180000e-01	5.066797e+00	4.977678e-01	-4.971385e-01	-5.549630e+00
3.200000e-01	5.064809e+00	4.970488e-01	-4.961704e-01	-5.549688e+00
3.220000e-01	5.062825e+00	4.963253e-01	-4.951905e-01	-5.549747e+00
3.240000e-01	5.060843e+00	4.955974e-01	-4.941986e-01	-5.549807e+00
3.260000e-01	5.058865e+00	4.948650e-01	-4.931947e-01	-5.549869e+00
3.280000e-01	5.056891e+00	4.941282e-01	-4.921786e-01	-5.549931e+00
3.300000e-01	5.054920e+00	4.933870e-01	-4.911502e-01	-5.549994e+00
3.320000e-01	5.052953e+00	4.926413e-01	-4.901094e-01	-5.550059e+00
3.340000e-01	5.050989e+00	4.918912e-01	-4.890562e-01	-5.550124e+00
3.360000e-01	5.049029e+00	4.911367e-01	-4.879903e-01	-5.550191e+00
3.380000e-01	5.047073e+00	4.903777e-01	-4.869116e-01	-5.550258e+00
3.400000e-01	5.045120e+00	4.896143e-01	-4.858202e-01	-5.550327e+00
3.420000e-01	5.043171e+00	4.888465e-01	-4.847157e-01	-5.550397e+00
3.440000e-01	5.041226e+00	4.880743e-01	-4.835981e-01	-5.550467e+00
3.460000e-01	5.039284e+00	4.872976e-01	-4.824674e-01	-5.550539e+00
3.480000e-01	5.037347e+00	4.865166e-01	-4.813232e-01	-5.550613e+00
3.500000e-01	5.035413e+00	4.857311e-01	-4.801657e-01	-5.550687e+00
3.520000e-01	5.033483e+00	4.849412e-01	-4.789945e-01	-5.550762e+00
3.540000e-01	5.031557e+00	4.841469e-01	-4.778097e-01	-5.550839e+00
3.560000e-01	5.029635e+00	4.833482e-01	-4.766110e-01	-5.550917e+00
3.580000e-01	5.027717e+00	4.825451e-01	-4.753984e-01	-5.550996e+00
3.600000e-01	5.025804e+00	4.817376e-01	-4.741716e-01	-5.551076e+00
3.620000e-01	5.023894e+00	4.809258e-01	-4.729307e-01	-5.551158e+00
3.640000e-01	5.021988e+00	4.801095e-01	-4.716754e-01	-5.551241e+00
3.660000e-01	5.020087e+00	4.792889e-01	-4.704056e-01	-5.551325e+00
3.680000e-01	5.018189e+00	4.784638e-01	-4.691213e-01	-5.551410e+00
3.700000e-01	5.016296e+00	4.776345e-01	-4.678222e-01	-5.551497e+00
3.720000e-01	5.014408e+00	4.768007e-01	-4.665082e-01	-5.551585e+00
3.740000e-01	5.012523e+00	4.759625e-01	-4.651792e-01	-5.551674e+00
3.760000e-01	5.010643e+00	4.751200e-01	-4.638350e-01	-5.551765e+00
3.780000e-01	5.008767e+00	4.742732e-01	-4.624756e-01	-5.551857e+00
3.800000e-01	5.006896e+00	4.734220e-01	-4.611007e-01	-5.551950e+00
3.820000e-01	5.005029e+00	4.725664e-01	-4.597102e-01	-5.552045e+00
3.840000e-01	5.003167e+00	4.717065e-01	-4.583041e-01	-5.552141e+00
3.860000e-01	5.001309e+00	4.708422e-01	-4.568821e-01	-5.552239e+00
3.880000e-01	4.999456e+00	4.699736e-01	-4.554441e-01	-5.552338e+00
3.900000e-01	4.997608e+00	4.691006e-01	-4.539899e-01	-5.552439e+00
3.920000e-01	4.995764e+00	4.682234e-01	-4.525195e-01	-5.552541e+00
3.940000e-01	4.993925e+00	4.673418e-01	-4.510326e-01	-5.552644e+00
3.960000e-01	4.992090e+00	4.664558e-01	-4.495291e-01	-5.552749e+00
3.980000e-01	4.990261e+00	4.655656e-01	-4.480089e-01	-5.552856e+00
4.000000e-01	4.988436e+00	4.646710e-01	-4.464718e-01	-5.552964e+00
4.020000e-01	4.986616e+00	4.637721e-01	-4.449176e-01	-5.553073e+00
4.040000e-01	4.984801e+00	4.628690e-01	-4.433463e-01	-5.553184e+00
4.060000e-01	4.982991e+00	4.619615e-01	-4.417576e-01	-5.553297e+00
4.080000e-01	4.981186e+00	4.610497e-01	-4.401513e-01	-5.553411e+00
4.100000e-01	4.979386e+00	4.601336e-01	-4.385274e-01	-5.553527e+00
4.120000e-01	4.977592e+00	4.592133e-01	-4.368857e-01	-5.553645e+00
4.140000e-01	4.975802e+00	4.582886e-01	-4.352259e-01	-5.553764e+00
4.160000e-01	4.974018e+00	4.573597e-01	-4.335480e-01	-5.553885e+00
4.180000e-01	4.972238e+00	4.564265e-01	-4.318518e-01	-5.554008e+00
4.200000e-01	4.970465e+00	4.554891e-01	-4.301370e-01	-5.554133e+00
4.220000e-01	4.968696e+00	4.545473e-01	-4.284036e-01	-5.554259e+00
4.240000e-01	4.966933e+00	4.536014e-01	-4.266514e-01	-5.554387e+00
4.260000e-01	4.965175e+00	4.526511e-01	-4.248802e-01	-5.554516e+00
4.280000e-01	4.963423e+00	4.516966e-01	-4.230897e-01	-5.554648e+00
4.300000e-01	4.961676e+00	4.507379e-01	-4.212800e-01	-5.554781e+00
4.320000e-01	4.959935e+00	4.497750e-01	-4.194507e-01	-5.554916e+00
4.340000e-01	4.958199e+00	4.488078e-01	-4.176017e-01	-5.555053e+00
4.360000e-01	4.956469e+00	4.478364e-01	-4.157329e-01	-5.555192e+00
4.380000e-01	4.954745e+00	4.468607e-01	-4.138439e-01	-5.555333e+00
4.400000e-01	4.953026e+00	4.458809e-01	-4.119348e-01	-5.555475e+00
4.420000e-01	4.951313e+00	4.448968e-01	-4.100052e-01	-5.555620e+00
4.440000e-01	4.949607e+00	4.439085e-01	-4.080550e-01	-5.555766e+00
4.460000e-01	4.947906e+00	4.429161e-01	-4.060839e-01	-5.555915e+00
4.480000e-01	4.946211e+00	4.419194e-01	-4.040920e-01	-5.556065e+00
4.500000e-01	4.944522e+00	4.409186e-01	-4.020788e-01	-5.556218e+00
4.520000e-01	4.942839e+00	4.399136e-01	-4.000442e-01	-5.556373e+00
4.540000e-01	4.941162e+00	4.389044e-01	-3.979881e-01	-5.556529e+00
4.560000e-01	4.939491e+00	4.378910e-01	-3.959103e-01	-5.556688e+00
4.580000e-01	4.937827e+00	4.368735e-01	-3.938104e-01	-5.556849e+00
4.600000e-01	4.936168e+00	4.358518e-01	-3.916885e-01	-5.557012e+00
4.620000e-01	4.934516e+00	4.348259e-01	-3.895441e-01	-5.557177e+00
4.640000e-01	4.932871e+00	4.337960e-01	-3.873773e-01	-5.557344e+00
4.660000e-01	4.931232e+00	4.327619e-01	-3.851876e-01	-5.557513e+00
4.680000e-01	4.929599e+00	4.317236e-01	-3.829750e-01	-5.557685e+00
4.700000e-01	4.927973e+00	4.306812e-01	-3.807392e-01	-5.557859e+00
4.720000e-01	4.926353e+00	4.296347e-01	-3.784800e-01	-5.558035e+00
4.740000e-01	4.924741e+00	4.285841e-01	-3.761972e-01	-5.558214e+00
4.760000e-01	4.923134e+00	4.275294e-01	-3.738906e-01	-5.558395e+00
4.780000e-01	4.921535e+00	4.264706e-01	-3.715600e-01	-5.558578e+00
4.800000e-01	4.919942e+00	4.254077e-01	-3.692051e-01	-5.558763e+00
4.820000e-01	4.918356e+00	4.243408e-01	-3.668258e-01	-5.558951e+00
4.840000e-01	4.916778e+00	4.232697e-01	-3.644218e-01	-5.559141e+00
4.860000e-01	4.915206e+00	4.221946e-01	-3.619928e-01	-5.559334e+00
4.880000e-01	4.913641e+00	4.211154e-01	-3.595388e-01	-5.559529e+00
4.900000e-01	4.912083e+00	4.200321e-01	-3.570593e-01	-5.559727e+00
4.920000e-01	4.910533e+00	4.189448e-01	-3.545543e-01	-5.559927e+00
4.940000e-01	4.908989e+00	4.178535e-01	-3.520235e-01	-5.560130e+00
4.960000e-01	4.907453e+00	4.167581e-01	-3.494666e-01	-5.560335e+00
4.980000e-01	4.905924e+00	4.156587e-01	-3.468834e-01	-5.560543e+00
5.000000e-01	4.904403e+00	4.145553e-01	-3.442736e-01	-5.560753e+00
5.020000e-01	4.902889e+00	4.134479e-01	-3.416371e-01	-5.560966e+00
5.040000e-01	4.901383e+00	4.123365e-01	-3.389736e-01	-5.561182e+00
5.060000e-01	4.899884e+00	4.112210e-01	-3.362828e-01	-5.561401e+00
5.080000e-01	4.898393e+00	4.101016e-01	-3.335645e-01	-5.561622e+00
5.100000e-01	4.896909e+00	4.089782e-01	-3.308184e-01	-5.561846e+00
5.120000e-01	4.895433e+00	4.078509e-01	-3.280443e-01	-5.562073e+00
5.140000e-01	4.893966e+00	4.067195e-01	-3.252420e-01	-5.562302e+00
5.160000e-01	4.892506e+00	4.055842e-01	-3.224111e-01	-5.562535e+00
5.180000e-01	4.891054e+00	4.044450e-01	-3.195515e-01	-5.562770e+00
5.200000e-01	4.889610e+00	4.033018e-01	-3.166628e-01	-5.563008e+00
5.220000e-01	4.888174e+00	4.021547e-01	-3.137449e-01	-5.563249e+00
5.240000e-01	4.886746e+00	4.010037e-01	-3.107973e-01	-5.563493e+00
5.260000e-01	4.885327e+00	3.998487e-01	-3.078199e-01	-5.563740e+00
5.280000e-01	4.883915e+00	3.986899e-01	-3.048124e-01	-5.563990e+00
5.300000e-01	4.882513e+00	3.975271e-01	-3.017745e-01	-5.564244e+00
5.320000e-01	4.881118e+00	3.963605e-01	-2.987060e-01	-5.564500e+00
5.340000e-01	4.879732e+00	3.951900e-01	-2.956065e-01	-5.564759e+00
5.360000e-01	4.878355e+00	3.940156e-01	-2.924758e-01	-5.565022e+00
5.380000e-01	4.876986e+00	3.928373e-01	-2.893136e-01	-5.565287e+00
5.400000e-01	4.875626e+00	3.916552e-01	-2.861196e-01	-5.565556e+00
5.420000e-01	4.874275e+00	3.904692e-01	-2.828936e-01	-5.565828e+00
5.440000e-01	4.872933e+00	3.892795e-01	-2.796351e-01	-5.566103e+00
5.460000e-01	4.871600e+00	3.880858e-01	-2.763441e-01	-5.566382e+00
5.480000e-01	4.870275e+00	3.868884e-01	-2.730200e-01	-5.566664e+00
5.500000e-01	4.868960e+00	3.856872e-01	-2.696627e-01	-5.566949e+00
5.520000e-01	4.867654e+00	3.844821e-01	-2.662718e-01	-5.567238e+00
5.540000e-01	4.866357e+00	3.832733e-01	-2.628471e-01	-5.567530e+00
5.560000e-01	4.865069e+00	3.820607e-01	-2.593881e-01	-5.567826e+00
5.580000e-01	4.863791e+00	3.808444e-01	-2.558947e-01	-5.568125e+00
5.600000e-01	4.862523e+00	3.796242e-01	-2.523665e-01	-5.568428e+00
5.620000e-01	4.861263e+00	3.784004e-01	-2.488032e-01	-5.568734e+00
5.640000e-01	4.860014e+00	3.771728e-01	-2.452044e-01	-5.569044e+00
5.660000e-01	4.858774e+00	3.759414e-01	-2.415698e-01	-5.569357e+00
5.680000e-01	4.857544e+00	3.747064e-01	-2.378992e-01	-5.569675e+00
5.700000e-01	4.856323e+00	3.734676e-01	-2.341922e-01	-5.569996e+00
5.720000e-01	4.855113e+00	3.722252e-01	-2.304483e-01	-5.570320e+00
5.740000e-01	4.853913e+00	3.709790e-01	-2.266675e-01	-5.570649e+00
5.760000e-01	4.852723e+00	3.697292e-01	-2.228491e-01	-5.570981e+00
5.780000e-01	4.851543e+00	3.684757e-01	-2.189930e-01	-5.571317e+00
5.800000e-01	4.850373e+00	3.672186e-01	-2.150988e-01	-5.571657e+00
5.820000e-01	4.849213e+00	3.659578e-01	-2.111662e-01	-5.572001e+00
5.840000e-01	4.848064e+00	3.646934e-01	-2.071947e-01	-5.572349e+00
5.860000e-01	4.846926e+00	3.634254e-01	-2.031840e-01	-5.572701e+00
5.880000e-01	4.845798e+00	3.621537e-01	-1.991338e-01	-5.573058e+00
5.900000e-01	4.844681e+00	3.608785e-01	-1.950437e-01	-5.573418e+00
5.920000e-01	4.843574e+00	3.595997e-01	-1.909134e-01	-5.573782e+00
5.940000e-01	4.842479e+00	3.583172e-01	-1.867424e-01	-5.574151e+00
5.960000e-01	4.841394e+00	3.570313e-01	-1.825305e-01	-5.574524e+00
5.980000e-01	4.840320e+00	3.557418e-01	-1.782771e-01	-5.574901e+00
6.000000e-01	4.839258e+00	3.544487e-01	-1.739820e-01	-5.575282e+00
6.020000e-01	4.838207e+00	3.531521e-01	-1.696448e-01	-5.575668e+00
6.040000e-01	4.837167e+00	3.518520e-01	-1.652650e-01	-5.576058e+00
6.060000e-01	4.836138e+00	3.505484e-01	-1.608423e-01	-5.576452e+00
6.080000e-01	4.835121e+00	3.492413e-01	-1.563763e-01	-5.576851e+00
6.100000e-01	4.834116e+00	3.479307e-01	-1.518665e-01	-5.577255e+00
6.120000e-01	4.833122e+00	3.466167e-01	-1.473127e-01	-5.577663e+00
6.140000e-01	4.832140e+00	3.452992e-01	-1.427143e-01	-5.578076e+00
6.160000e-01	4.831170e+00	3.439783e-01	-1.380710e-01	-5.578493e+00
6.180000e-01	4.830212e+00	3.426539e-01	-1.333824e-01	-5.578916e+00
6.200000e-01	4.829266e+00	3.413261e-01	-1.286479e-01	-5.579342e+00
6.220000e-01	4.828332e+00	3.399949e-01	-1.238673e-01	-5.579774e+00
6.240000e-01	4.827411e+00	3.386603e-01	-1.190401e-01	-5.580211e+00
6.260000e-01	4.826501e+00	3.373224e-01	-1.141658e-01	-5.580652e+00
6.280000e-01	4.825605e+00	3.359811e-01	-1.092440e-01	-5.581099e+00
6.300000e-01	4.824720e+00	3.346364e-01	-1.042743e-01	-5.581550e+00
6.320000e-01	4.823849e+00	3.332884e-01	-9.925626e-02	-5.582006e+00
6.340000e-01	4.822990e+00	3.319370e-01	-9.418937e-02	-5.582468e+00
6.360000e-01	4.822145e+00	3.305824e-01	-8.907321e-02	-5.582934e+00
6.380000e-01	4.821312e+00	3.292245e-01	-8.390731e-02	-5.583406e+00
6.400000e-01	4.820492e+00	3.278633e-01	-7.869123e-02	-5.583883e+00
6.420000e-01	4.819686e+00	3.264988e-01	-7.342448e-02	-5.584366e+00
6.440000e-01	4.818892e+00	3.251310e-01	-6.810660e-02	-5.584853e+00
6.460000e-01	4.818113e+00	3.237601e-01	-6.273711e-02	-5.585346e+00
6.480000e-01	4.817346e+00	3.223859e-01	-5.731554e-02	-5.585845e+00
6.500000e-01	4.816594e+00	3.210085e-01	-5.184138e-02	-5.586349e+00
6.520000e-01	4.815855e+00	3.196279e-01	-4.631417e-02	-5.586859e+00
6.540000e-01	4.815130e+00	3.182441e-01	-4.073339e-02	-5.587374e+00
6.560000e-01	4.814419e+00	3.168571e-01	-3.509854e-02	-5.587895e+00
6.580000e-01	4.813722e+00	3.154670e-01	-2.940913e-02	-5.588421e+00
6.600000e-01	4.813040e+00	3.140738e-01	-2.366464e-02	-5.588953e+00
6.620000e-01	4.812371e+00	3.126775e-01	-1.786456e-02	-5.589492e+00
6.640000e-01	4.811718e+00	3.112780e-01	-1.200835e-02	-5.590036e+00
6.660000e-01	4.811078e+00	3.098755e-01	-6.095503e-03	-5.590586e+00
6.680000e-01	4.810454e+00	3.084699e-01	-1.254776e-04	-5.591142e+00
6.700000e-01	4.809844e+00	3.070612e-01	5.902263e-03	-5.591704e+00
6.720000e-01	4.809249e+00	3.056495e-01	1.198826e-02	-5.592272e+00
6.740000e-01	4.808669e+00	3.042348e-01	1.813306e-02	-5.592846e+00
6.760000e-01	4.808105e+00	3.028170e-01	2.433723e-02	-5.593427e+00
6.780000e-01	4.807556e+00	3.013963e-01	3.060132e-02	-5.594013e+00
6.800000e-01	4.807022e+00	2.999726e-01	3.692589e-02	-5.594607e+00
6.820000e-01	4.806503e+00	2.985459e-01	4.331152e-02	-5.595206e+00
6.840000e-01	4.806001e+00	2.971163e-01	4.975879e-02	-5.595812e+00
6.860000e-01	4.805514e+00	2.956838e-01	5.626828e-02	-5.596425e+00
6.880000e-01	4.805043e+00	2.942484e-01	6.284058e-02	-5.597044e+00
6.900000e-01	4.804588e+00	2.928101e-01	6.947629e-02	-5.597670e+00
6.920000e-01	4.804150e+00	2.913689e-01	7.617600e-02	-5.598303e+00
6.940000e-01	4.803728e+00	2.899248e-01	8.294033e-02	-5.598942e+00
6.960000e-01	4.803322e+00	2.884780e-01	8.976990e-02	-5.599588e+00
6.980000e-01	4.802933e+00	2.870283e-01	9.666532e-02	-5.600242e+00
7.000000e-01	4.802561e+00	2.855758e-01	1.036272e-01	-5.600902e+00
7.020000e-01	4.802205e+00	2.841205e-01	1.106562e-01	-5.601569e+00
7.040000e-01	4.801867e+00	2.826624e-01	1.177530e-01	-5.602243e+00
7.060000e-01	4.801546e+00	2.812016e-01	1.249182e-01	-5.602925e+00
7.080000e-01	4.801242e+00	2.797381e-01	1.321524e-01	-5.603614e+00
7.100000e-01	4.800955e+00	2.782719e-01	1.394564e-01	-5.604310e+00
7.120000e-01	4.800686e+00	2.768030e-01	1.468307e-01	-5.605014e+00
7.140000e-01	4.800435e+00	2.753314e-01	1.542762e-01	-5.605725e+00
7.160000e-01	4.800202e+00	2.738572e-01	1.617933e-01	-5.606443e+00
7.180000e-01	4.799987e+00	2.723803e-01	1.693830e-01	-5.607170e+00
7.200000e-01	4.799790e+00	2.709008e-01	1.770457e-01	-5.607904e+00
7.220000e-01	4.799612e+00	2.694187e-01	1.847823e-01	-5.608645e+00
7.240000e-01	4.799452e+00	2.679341e-01	1.925935e-01	-5.609395e+00
7.260000e-01	4.799311e+00	2.664469e-01	2.004799e-01	-5.610152e+00
7.280000e-01	4.799188e+00	2.649572e-01	2.084424e-01	-5.610918e+00
7.300000e-01	4.799085e+00	2.634650e-01	2.164816e-01	-5.611692e+00
7.320000e-01	4.799000e+00	2.619702e-01	2.245983e-01	-5.612473e+00
7.340000e-01	4.798935e+00	2.604730e-01	2.327933e-01	-5.613263e+00
7.360000e-01	4.798890e+00	2.589734e-01	2.410672e-01	-5.614062e+00
7.380000e-01	4.798864e+00	2.574713e-01	2.494209e-01	-5.614868e+00
7.400000e-01	4.798857e+00	2.559669e-01	2.578552e-01	-5.615683e+00
7.420000e-01	4.798871e+00	2.544600e-01	2.663708e-01	-5.616507e+00
7.440000e-01	4.798905e+00	2.529508e-01	2.749686e-01	-5.617339e+00
7.460000e-01	4.798959e+00	2.514392e-01	2.836493e-01	-5.618181e+00
7.480000e-01	4.799034e+00	2.499253e-01	2.924138e-01	-5.619030e+00
7.500000e-01	4.799129e+00	2.484092e-01	3.012628e-01	-5.619889e+00
7.520000e-01	4.799245e+00	2.468907e-01	3.101972e-01	-5.620757e+00
7.540000e-01	4.799383e+00	2.453700e-01	3.192179e-01	-5.621634e+00
7.560000e-01	4.799541e+00	2.438471e-01	3.283257e-01	-5.622520e+00
7.580000e-01	4.799721e+00	2.423220e-01	3.375215e-01	-5.623415e+00
7.600000e-01	4.799922e+00	2.407946e-01	3.468060e-01	-5.624319e+00
7.620000e-01	4.800145e+00	2.392652e-01	3.561803e-01	-5.625233e+00
7.640000e-01	4.800389e+00	2.377336e-01	3.656452e-01	-5.626157e+00
7.660000e-01	4.800656e+00	2.361998e-01	3.752016e-01	-5.627090e+00
7.680000e-01	4.800946e+00	2.346640e-01	3.848504e-01	-5.628033e+00
7.700000e-01	4.801257e+00	2.331262e-01	3.945925e-01	-5.628985e+00
7.720000e-01	4.801591e+00	2.315863e-01	4.044288e-01	-5.629948e+00
7.740000e-01	4.801949e+00	2.300443e-01	4.143604e-01	-5.630920e+00
7.760000e-01	4.802329e+00	2.285004e-01	4.243881e-01	-5.631903e+00
7.780000e-01	4.802732e+00	2.269545e-01	4.345129e-01	-5.632895e+00
7.800000e-01	4.803159e+00	2.254067e-01	4.447358e-01	-5.633898e+00
7.820000e-01	4.803610e+00	2.238570e-01	4.550578e-01	-5.634912e+00
7.840000e-01	4.804084e+00	2.223054e-01	4.654798e-01	-5.635936e+00
7.860000e-01	4.804582e+00	2.207519e-01	4.760030e-01	-5.636970e+00
7.880000e-01	4.805105e+00	2.191966e-01	4.866282e-01	-5.638015e+00
7.900000e-01	4.805652e+00	2.176395e-01	4.973565e-01	-5.639071e+00
7.920000e-01	4.806224e+00	2.160806e-01	5.081890e-01	-5.640138e+00
7.940000e-01	4.806821e+00	2.145199e-01	5.191267e-01	-5.641215e+00
7.960000e-01	4.807442e+00	2.129575e-01	5.301708e-01	-5.642304e+00
7.980000e-01	4.808090e+00	2.113934e-01	5.413222e-01	-5.643404e+00
8.000000e-01	4.808762e+00	2.098277e-01	5.525820e-01	-5.644515e+00
8.020000e-01	4.809461e+00	2.082603e-01	5.639515e-01	-5.645638e+00
8.040000e-01	4.810185e+00	2.066912e-01	5.754316e-01	-5.646772e+00
8.060000e-01	4.810936e+00	2.051206e-01	5.870236e-01	-5.647918e+00
8.080000e-01	4.811713e+00	2.035484e-01	5.987285e-01	-5.649076e+00
8.100000e-01	4.812517e+00	2.019747e-01	6.105476e-01	-5.650246e+00
8.120000e-01	4.813347e+00	2.003995e-01	6.224820e-01	-5.651427e+00
8.140000e-01	4.814205e+00	1.988228e-01	6.345329e-01	-5.652621e+00
8.160000e-01	4.815090e+00	1.972447e-01	6.467015e-01	-5.653827e+00
8.180000e-01	4.816003e+00	1.956651e-01	6.589890e-01	-5.655045e+00
8.200000e-01	4.816943e+00	1.940842e-01	6.713967e-01	-5.656276e+00
8.220000e-01	4.817912e+00	1.925019e-01	6.839257e-01	-5.657519e+00
8.240000e-01	4.818909e+00	1.909183e-01	6.965775e-01	-5.658775e+00
8.260000e-01	4.819935e+00	1.893333e-01	7.093532e-01	-5.660044e+00
8.280000e-01	4.820989e+00	1.877472e-01	7.222541e-01	-5.661326e+00
8.300000e-01	4.822073e+00	1.861598e-01	7.352815e-01	-5.662621e+00
8.320000e-01	4.823186e+00	1.845711e-01	7.484368e-01	-5.663929e+00
8.340000e-01	4.824329e+00	1.829814e-01	7.617214e-01	-5.665251e+00
8.360000e-01	4.825501e+00	1.813904e-01	7.751365e-01	-5.666586e+00
8.380000e-01	4.826704e+00	1.797984e-01	7.886835e-01	-5.667934e+00
8.400000e-01	4.827937e+00	1.782053e-01	8.023639e-01	-5.669297e+00
8.420000e-01	4.829200e+00	1.766112e-01	8.161790e-01	-5.670673e+00
8.440000e-01	4.830495e+00	1.750161e-01	8.301303e-01	-5.672063e+00
8.460000e-01	4.831821e+00	1.734200e-01	8.442193e-01	-5.673468e+00
8.480000e-01	4.833178e+00	1.718229e-01	8.584473e-01	-5.674887e+00
8.500000e-01	4.834568e+00	1.702250e-01	8.728159e-01	-5.676320e+00
8.520000e-01	4.835989e+00	1.686261e-01	8.873265e-01	-5.677767e+00
8.540000e-01	4.837442e+00	1.670265e-01	9.019808e-01	-5.679230e+00
8.560000e-01	4.838929e+00	1.654260e-01	9.167802e-01	-5.680707e+00
8.580000e-01	4.840448e+00	1.638248e-01	9.317263e-01	-5.682200e+00
8.600000e-01	4.842000e+00	1.622229e-01	9.468206e-01	-5.683707e+00
8.620000e-01	4.843586e+00	1.606202e-01	9.620648e-01	-5.685230e+00
8.640000e-01	4.845206e+00	1.590169e-01	9.774605e-01	-5.686768e+00
8.660000e-01	4.846860e+00	1.574130e-01	9.930094e-01	-5.688322e+00
8.680000e-01	4.848549e+00	1.558085e-01	1.008713e+00	-5.689892e+00
8.700000e-01	4.850272e+00	1.542034e-01	1.024573e+00	-5.691478e+00
8.720000e-01	4.852030e+00	1.525979e-01	1.040591e+00	-5.693080e+00
8.740000e-01	4.853824e+00	1.509918e-01	1.056770e+00	-5.694698e+00
8.760000e-01	4.855654e+00	1.493854e-01	1.073109e+00	-5.696332e+00
8.780000e-01	4.857519e+00	1.477785e-01	1.089613e+00	-5.697983e+00
8.800000e-01	4.859421e+00	1.461713e-01	1.106281e+00	-5.699651e+00
8.820000e-01	4.861360e+00	1.445638e-01	1.123117e+00	-5.701336e+00
8.840000e-01	4.863335e+00	1.429560e-01	1.140121e+00	-5.703038e+00
8.860000e-01	4.865348e+00	1.413480e-01	1.157297e+00	-5.704757e+00
8.880000e-01	4.867399e+00	1.397397e-01	1.174645e+00	-5.706493e+00
8.900000e-01	4.869488e+00	1.381313e-01	1.192167e+00	-5.708247e+00
8.920000e-01	4.871616e+00	1.365228e-01	1.209866e+00	-5.710019e+00
8.940000e-01	4.873782e+00	1.349143e-01	1.227744e+00	-5.711809e+00
8.960000e-01	4.875987e+00	1.333056e-01	1.245802e+00	-5.713617e+00
8.980000e-01	4.878232e+00	1.316971e-01	1.264043e+00	-5.715444e+00
9.000000e-01	4.880516e+00	1.300885e-01	1.282468e+00	-5.717288e+00
9.020000e-01	4.882841e+00	1.284801e-01	1.301080e+00	-5.719152e+00
9.040000e-01	4.885207e+00	1.268718e-01	1.319880e+00	-5.721035e+00
9.060000e-01	4.887614e+00	1.252636e-01	1.338872e+00	-5.722936e+00
9.080000e-01	4.890062e+00	1.236558e-01	1.358057e+00	-5.724857e+00
9.100000e-01	4.892551e+00	1.220481e-01	1.377437e+00	-5.726797e+00
9.120000e-01	4.895083e+00	1.204408e-01	1.397014e+00	-5.728757e+00
9.140000e-01	4.897658e+00	1.188339e-01	1.416791e+00	-5.730737e+00
9.160000e-01	4.900275e+00	1.172274e-01	1.436771e+00	-5.732737e+00
9.180000e-01	4.902936e+00	1.156213e-01	1.456955e+00	-5.734757e+00
9.200000e-01	4.905641e+00	1.140157e-01	1.477345e+00	-5.736798e+00
9.220000e-01	4.908389e+00	1.124107e-01	1.497945e+00	-5.738859e+00
9.240000e-01	4.911183e+00	1.108063e-01	1.518756e+00	-5.740942e+00
9.260000e-01	4.914021e+00	1.092025e-01	1.539781e+00	-5.743045e+00
9.280000e-01	4.916905e+00	1.075994e-01	1.561023e+00	-5.745170e+00
9.300000e-01	4.919835e+00	1.059970e-01	1.582483e+00	-5.747316e+00
9.320000e-01	4.922811e+00	1.043955e-01	1.604166e+00	-5.749484e+00
9.340000e-01	4.925834e+00	1.027948e-01	1.626072e+00	-5.751675e+00
9.360000e-01	4.928905e+00	1.011949e-01	1.648206e+00	-5.753887e+00
9.380000e-01	4.932023e+00	9.959604e-02	1.670569e+00	-5.756122e+00
9.400000e-01	4.935189e+00	9.799814e-02	1.693164e+00	-5.758379e+00
9.420000e-01	4.938404e+00	9.640129e-02	1.715994e+00	-5.760660e+00
9.440000e-01	4.941667e+00	9.480554e-02	1.739062e+00	-5.762964e+00
9.460000e-01	4.944981e+00	9.321093e-02	1.762370e+00	-5.765291e+00
9.480000e-01	4.948344e+00	9.161752e-02	1.785922e+00	-5.767642e+00
9.500000e-01	4.951758e+00	9.002538e-02	1.809721e+00	-5.770016e+00
9.520000e-01	4.955223e+00	8.843454e-02	1.833769e+00	-5.772415e+00
9.540000e-01	4.958740e+00	8.684506e-02	1.858069e+00	-5.774838e+00
9.560000e-01	4.962308e+00	8.525700e-02	1.882624e+00	-5.777286e+00
9.580000e-01	4.965929e+00	8.367042e-02	1.907438e+00	-5.779759e+00
9.600000e-01	4.969603e+00	8.208537e-02	1.932514e+00	-5.782257e+00
9.620000e-01	4.973331e+00	8.050191e-02	1.957855e+00	-5.784781e+00
9.640000e-01	4.977113e+00	7.892010e-02	1.983463e+00	-5.787330e+00
9.660000e-01	4.980949e+00	7.733998e-02	2.009344e+00	-5.789905e+00
9.680000e-01	4.984841e+00	7.576163e-02	2.035498e+00	-5.792507e+00
9.700000e-01	4.988789e+00	7.418510e-02	2.061931e+00	-5.795135e+00
9.720000e-01	4.992792e+00	7.261045e-02	2.088646e+00	-5.797790e+00
9.740000e-01	4.996853e+00	7.103775e-02	2.115645e+00	-5.800472e+00
9.760000e-01	5.000971e+00	6.946704e-02	2.142933e+00	-5.803181e+00
9.780000e-01	5.005147e+00	6.789839e-02	2.170513e+00	-5.805918e+00
9.800000e-01	5.009382e+00	6.633187e-02	2.198389e+00	-5.808683e+00
9.820000e-01	5.013675e+00	6.476754e-02	2.226565e+00	-5.811477e+00
9.840000e-01	5.018029e+00	6.320545e-02	2.255044e+00	-5.814299e+00
9.860000e-01	5.022443e+00	6.164568e-02	2.283830e+00	-5.817150e+00
9.880000e-01	5.026918e+00	6.008829e-02	2.312927e+00	-5.820030e+00
9.900000e-01	5.031455e+00	5.853335e-02	2.342339e+00	-5.822940e+00
9.920000e-01	5.036053e+00	5.698091e-02	2.372069e+00	-5.825880e+00
9.940000e-01	5.040715e+00	5.543104e-02	2.402123e+00	-5.828849e+00
9.960000e-01	5.045440e+00	5.388382e-02	2.432504e+00	-5.831850e+00
9.980000e-01	5.050230e+00	5.233931e-02	2.463217e+00	-5.834881e+00
1.000000e+00	5.055084e+00	5.079758e-02	2.494265e+00	-5.837943e+00
1.002000e+00	5.060004e+00	4.925870e-02	2.525653e+00	-5.841037e+00
1.004000e+00	5.064990e+00	4.772273e-02	2.557386e+00	-5.844163e+00
1.006000e+00	5.070043e+00	4.618975e-02	2.589467e+00	-5.847321e+00
1.008000e+00	5.075163e+00	4.465983e-02	2.621902e+00	-5.850511e+00
1.010000e+00	5.080352e+00	4.313304e-02	2.654695e+00	-5.853735e+00
1.012000e+00	5.085610e+00	4.160946e-02	2.687851e+00	-5.856992e+00
1.014000e+00	5.090937e+00	4.008915e-02	2.721374e+00	-5.860282e+00
1.016000e+00	5.096335e+00	3.857219e-02	2.755270e+00	-5.863607e+00
1.018000e+00	5.101804e+00	3.705866e-02	2.789543e+00	-5.866965e+00
1.020000e+00	5.107345e+00	3.554863e-02	2.824199e+00	-5.870359e+00
1.022000e+00	5.112959e+00	3.404218e-02	2.859241e+00	-5.873788e+00
1.024000e+00	5.118646e+00	3.253939e-02	2.894677e+00	-5.877253e+00
1.026000e+00	5.124408e+00	3.104032e-02	2.930511e+00	-5.880753e+00
1.028000e+00	5.130245e+00	2.954507e-02	2.966747e+00	-5.884290e+00
1.030000e+00	5.136157e+00	2.805371e-02	3.003393e+00	-5.887863e+00
1.032000e+00	5.142146e+00	2.656633e-02	3.040453e+00	-5.891474e+00
1.034000e+00	5.148213e+00	2.508299e-02	3.077933e+00	-5.895123e+00
1.036000e+00	5.154358e+00	2.360380e-02	3.115838e+00	-5.898809e+00
1.038000e+00	5.160582e+00	2.212882e-02	3.154175e+00	-5.902534e+00
1.040000e+00	5.166886e+00	2.065814e-02	3.192950e+00	-5.906298e+00
1.042000e+00	5.173271e+00	1.919186e-02	3.232168e+00	-5.910102e+00
1.044000e+00	5.179738e+00	1.773004e-02	3.271835e+00	-5.913945e+00
1.046000e+00	5.186288e+00	1.627279e-02	3.311959e+00	-5.917828e+00
1.048000e+00	5.192922e+00	1.482019e-02	3.352544e+00	-5.921752e+00
1.050000e+00	5.199639e+00	1.337232e-02	3.393599e+00	-5.925718e+00
1.052000e+00	5.206443e+00	1.192927e-02	3.435129e+00	-5.929725e+00
1.054000e+00	5.213333e+00	1.049115e-02	3.477140e+00	-5.933774e+00
1.056000e+00	5.220310e+00	9.058030e-03	3.519641e+00	-5.937866e+00
1.058000e+00	5.227375e+00	7.630011e-03	3.562637e+00	-5.942001e+00
1.060000e+00	5.234530e+00	6.207187e-03	3.606136e+00	-5.946180e+00
1.062000e+00	5.241775e+00	4.789650e-03	3.650145e+00	-5.950403e+00
1.064000e+00	5.249112e+00	3.377497e-03	3.694672e+00	-5.954671e+00
1.066000e+00	5.256541e+00	1.970825e-03	3.739723e+00	-5.958983e+00
1.068000e+00	5.264063e+00	5.697303e-04	3.785306e+00	-5.963342e+00
1.070000e+00	5.271680e+00	-8.256876e-04	3.831430e+00	-5.967747e+00
1.072000e+00	5.279393e+00	-2.215329e-03	3.878101e+00	-5.972199e+00
1.074000e+00	5.287202e+00	-3.599093e-03	3.925328e+00	-5.976698e+00
1.076000e+00	5.295109e+00	-4.976878e-03	3.973120e+00	-5.981245e+00
1.078000e+00	5.303114e+00	-6.348580e-03	4.021484e+00	-5.985840e+00
1.080000e+00	5.311220e+00	-7.714095e-03	4.070428e+00	-5.990485e+00
1.082000e+00	5.319427e+00	-9.073318e-03	4.119962e+00	-5.995180e+00
1.084000e+00	5.327737e+00	-1.042614e-02	4.170095e+00	-5.999924e+00
1.086000e+00	5.336150e+00	-1.177246e-02	4.220834e+00	-6.004720e+00
1.088000e+00	5.344668e+00	-1.311216e-02	4.272190e+00	-6.009567e+00
1.090000e+00	5.353292e+00	-1.444513e-02	4.324171e+00	-6.014466e+00
1.092000e+00	5.362023e+00	-1.577126e-02	4.376787e+00	-6.019419e+00
1.094000e+00	5.370862e+00	-1.709045e-02	4.430048e+00	-6.024424e+00
1.096000e+00	5.379812e+00	-1.840256e-02	4.483963e+00	-6.029484e+00
1.098000e+00	5.388872e+00	-1.970750e-02	4.538543e+00	-6.034598e+00
1.100000e+00	5.398045e+00	-2.100514e-02	4.593797e+00	-6.039768e+00
1.102000e+00	5.407332e+00	-2.229536e-02	4.649736e+00	-6.044994e+00
1.104000e+00	5.416734e+00	-2.357804e-02	4.706371e+00	-6.050277e+00
1.106000e+00	5.426252e+00	-2.485307e-02	4.763713e+00	-6.055617e+00
1.108000e+00	5.435888e+00	-2.612031e-02	4.821771e+00	-6.061015e+00
1.110000e+00	5.445644e+00	-2.737965e-02	4.880559e+00	-6.066473e+00
1.112000e+00	5.455521e+00	-2.863097e-02	4.940086e+00	-6.071990e+00
1.114000e+00	5.465519e+00	-2.987412e-02	5.000366e+00	-6.077568e+00
1.116000e+00	5.475642e+00	-3.110899e-02	5.061409e+00	-6.083207e+00
1.118000e+00	5.485890e+00	-3.233544e-02	5.123228e+00	-6.088907e+00
1.120000e+00	5.496265e+00	-3.355335e-02	5.185835e+00	-6.094671e+00
1.122000e+00	5.506768e+00	-3.476258e-02	5.249243e+00	-6.100498e+00
1.124000e+00	5.517401e+00	-3.596299e-02	5.313465e+00	-6.106390e+00
1.126000e+00	5.528166e+00	-3.715445e-02	5.378513e+00	-6.112347e+00
1.128000e+00	5.539065e+00	-3.833682e-02	5.444402e+00	-6.118370e+00
1.130000e+00	5.550098e+00	-3.950996e-02	5.511145e+00	-6.124460e+00
1.132000e+00	5.561268e+00	-4.067373e-02	5.578757e+00	-6.130617e+00
1.134000e+00	5.572576e+00	-4.182798e-02	5.647250e+00	-6.136844e+00
1.136000e+00	5.584025e+00	-4.297258e-02	5.716640e+00	-6.143139e+00
1.138000e+00	5.595615e+00	-4.410737e-02	5.786943e+00	-6.149506e+00
1.140000e+00	5.607350e+00	-4.523220e-02	5.858172e+00	-6.155944e+00
1.142000e+00	5.619229e+00	-4.634692e-02	5.930343e+00	-6.162454e+00
1.144000e+00	5.631257e+00	-4.745139e-02	6.003473e+00	-6.169037e+00
1.146000e+00	5.643434e+00	-4.854544e-02	6.077577e+00	-6.175695e+00
1.148000e+00	5.655762e+00	-4.962893e-02	6.152672e+00	-6.182428e+00
1.150000e+00	5.668244e+00	-5.070168e-02	6.228775e+00	-6.189237e+00
1.152000e+00	5.680881e+00	-5.176355e-02	6.305903e+00	-6.196123e+00
1.154000e+00	5.693675e+00	-5.281436e-02	6.384073e+00	-6.203088e+00
1.156000e+00	5.706629e+00	-5.385396e-02	6.463304e+00	-6.210132e+00
1.158000e+00	5.719744e+00	-5.488217e-02	6.543614e+00	-6.217257e+00
1.160000e+00	5.733024e+00	-5.589884e-02	6.625022e+00	-6.224464e+00
1.162000e+00	5.746469e+00	-5.690378e-02	6.707546e+00	-6.231753e+00
1.164000e+00	5.760082e+00	-5.789682e-02	6.791207e+00	-6.239125e+00
1.166000e+00	5.773866e+00	-5.887779e-02	6.876024e+00	-6.246583e+00
1.168000e+00	5.787823e+00	-5.984650e-02	6.962019e+00	-6.254127e+00
1.170000e+00	5.801954e+00	-6.080279e-02	7.049211e+00	-6.261758e+00
1.172000e+00	5.816263e+00	-6.174646e-02	7.137623e+00	-6.269478e+00
1.174000e+00	5.830752e+00	-6.267733e-02	7.227276e+00	-6.277288e+00
1.176000e+00	5.845424e+00	-6.359522e-02	7.318192e+00	-6.285189e+00
1.178000e+00	5.860280e+00	-6.449992e-02	7.410395e+00	-6.293182e+00
1.180000e+00	5.875324e+00	-6.539126e-02	7.503908e+00	-6.301269e+00
1.182000e+00	5.890559e+00	-6.626903e-02	7.598755e+00	-6.309450e+00
1.184000e+00	5.905985e+00	-6.713303e-02	7.694960e+00	-6.317728e+00
1.186000e+00	5.921608e+00	-6.798306e-02	7.792549e+00	-6.326104e+00
1.188000e+00	5.937429e+00	-6.881893e-02	7.891546e+00	-6.334579e+00
1.190000e+00	5.953450e+00	-6.964042e-02	7.991979e+00	-6.343155e+00
1.192000e+00	5.969676e+00	-7.044732e-02	8.093875e+00	-6.351832e+00
1.194000e+00	5.986109e+00	-7.123942e-02	8.197260e+00	-6.360613e+00
1.196000e+00	6.002751e+00	-7.201650e-02	8.302163e+00	-6.369499e+00
1.198000e+00	6.019606e+00	-7.277835e-02	8.408613e+00	-6.378492e+00
1.200000e+00	6.036678e+00	-7.352475e-02	8.516639e+00	-6.387593e+00
1.202000e+00	6.053968e+00	-7.425547e-02	8.626272e+00	-6.396803e+00
1.204000e+00	6.071481e+00	-7.497027e-02	8.737542e+00	-6.406125e+00
1.206000e+00	6.089219e+00	-7.566894e-02	8.850482e+00	-6.415560e+00
1.208000e+00	6.107186e+00	-7.635123e-02	8.965123e+00	-6.425110e+00
1.210000e+00	6.125386e+00	-7.701690e-02	9.081500e+00	-6.434776e+00
1.212000e+00	6.143822e+00	-7.766572e-02	9.199646e+00	-6.444561e+00
1.214000e+00	6.162497e+00	-7.829744e-02	9.319596e+00	-6.454465e+00
1.216000e+00	6.181415e+00	-7.891181e-02	9.441386e+00	-6.464491e+00
1.218000e+00	6.200579e+00	-7.950858e-02	9.565052e+00	-6.474641e+00
1.220000e+00	6.219994e+00	-8.008748e-02	9.690634e+00	-6.484917e+00
1.222000e+00	6.239663e+00	-8.064827e-02	9.818168e+00	-6.495320e+00
1.224000e+00	6.259591e+00	-8.119067e-02	9.947695e+00	-6.505853e+00
1.226000e+00	6.279780e+00	-8.171442e-02	1.007926e+01	-6.516517e+00
1.228000e+00	6.300236e+00	-8.221924e-02	1.021289e+01	-6.527316e+00
1.230000e+00	6.320962e+00	-8.270486e-02	1.034864e+01	-6.538249e+00
1.232000e+00	6.341963e+00	-8.317100e-02	1.048656e+01	-6.549321e+00
1.234000e+00	6.363242e+00	-8.361737e-02	1.062668e+01	-6.560533e+00
1.236000e+00	6.384805e+00	-8.404368e-02	1.076906e+01	-6.571887e+00
1.238000e+00	6.406656e+00	-8.444964e-02	1.091373e+01	-6.583386e+00
1.240000e+00	6.428800e+00	-8.483495e-02	1.106075e+01	-6.595032e+00
1.242000e+00	6.451240e+00	-8.519931e-02	1.121018e+01	-6.606828e+00
1.244000e+00	6.473983e+00	-8.554240e-02	1.136205e+01	-6.618775e+00
1.246000e+00	6.497032e+00	-8.586391e-02	1.151643e+01	-6.630876e+00
1.248000e+00	6.520394e+00	-8.616353e-02	1.167336e+01	-6.643135e+00
1.250000e+00	6.544072e+00	-8.644093e-02	1.183290e+01	-6.655553e+00
1.252000e+00	6.568073e+00	-8.669579e-02	1.199512e+01	-6.668133e+00
1.254000e+00	6.592401e+00	-8.692776e-02	1.216006e+01	-6.680877e+00
1.256000e+00	6.617063e+00	-8.713650e-02	1.232780e+01	-6.693790e+00
1.258000e+00	6.642063e+00	-8.732169e-02	1.249838e+01	-6.706873e+00
1.260000e+00	6.667407e+00	-8.748295e-02	1.267188e+01	-6.720129e+00
1.262000e+00	6.693102e+00	-8.761994e-02	1.284836e+01	-6.733562e+00
1.264000e+00	6.719153e+00	-8.773228e-02	1.302788e+01	-6.747173e+00
1.266000e+00	6.745567e+00	-8.781962e-02	1.321052e+01	-6.760968e+00
1.268000e+00	6.772349e+00	-8.788158e-02	1.339636e+01	-6.774948e+00
1.270000e+00	6.799506e+00	-8.791777e-02	1.358545e+01	-6.789117e+00
1.272000e+00	6.827044e+00	-8.792781e-02	1.377788e+01	-6.803478e+00
1.274000e+00	6.854971e+00	-8.791130e-02	1.397372e+01	-6.818034e+00
1.276000e+00	6.883293e+00	-8.786784e-02	1.417306e+01	-6.832790e+00
1.278000e+00	6.912017e+00	-8.779702e-02	1.437598e+01	-6.847748e+00
1.280000e+00	6.941151e+00	-8.769842e-02	1.458256e+01	-6.862913e+00
1.282000e+00	6.970701e+00	-8.757162e-02	1.479289e+01	-6.878287e+00
1.284000e+00	7.000675e+00	-8.741619e-02	1.500706e+01	-6.893875e+00
1.286000e+00	7.031081e+00	-8.723169e-02	1.522516e+01	-6.909681e+00
1.288000e+00	7.061927e+00	-8.701767e-02	1.544729e+01	-6.925709e+00
1.290000e+00	7.093221e+00	-8.677368e-02	1.567354e+01	-6.941962e+00
1.292000e+00	7.124971e+00	-8.649925e-02	1.590403e+01	-6.958446e+00
1.294000e+00	7.157186e+00	-8.619392e-02	1.613884e+01	-6.975163e+00
1.296000e+00	7.189875e+00	-8.585719e-02	1.637810e+01	-6.992120e+00
1.298000e+00	7.223045e+00	-8.548859e-02	1.662190e+01	-7.009320e+00
1.300000e+00	7.256707e+00	-8.508761e-02	1.687038e+01	-7.026767e+00
1.302000e+00	7.290870e+00	-8.465375e-02	1.712364e+01	-7.044467e+00
1.304000e+00	7.325544e+00	-8.418648e-02	1.738181e+01	-7.062425e+00
1.306000e+00	7.360737e+00	-8.368528e-02	1.764501e+01	-7.080645e+00
1.308000e+00	7.396462e+00	-8.314962e-02	1.791337e+01	-7.099133e+00
1.310000e+00	7.432727e+00	-8.257893e-02	1.818703e+01	-7.117893e+00
1.312000e+00	7.469544e+00	-8.197267e-02	1.846613e+01	-7.136932e+00
1.314000e+00	7.506923e+00	-8.133027e-02	1.875082e+01	-7.156255e+00
1.316000e+00	7.544876e+00	-8.065113e-02	1.904123e+01	-7.175867e+00
1.318000e+00	7.583415e+00	-7.993468e-02	1.933752e+01	-7.195775e+00
1.320000e+00	7.622550e+00	-7.918031e-02	1.963986e+01	-7.215983e+00
1.322000e+00	7.662295e+00	-7.838739e-02	1.994840e+01	-7.236500e+00
1.324000e+00	7.702661e+00	-7.755530e-02	2.026332e+01	-7.257330e+00
1.326000e+00	7.743663e+00	-7.668340e-02	2.058479e+01	-7.278480e+00
1.328000e+00	7.785312e+00	-7.577103e-02	2.091299e+01	-7.299957e+00
1.330000e+00	7.827622e+00	-7.481753e-02	2.124811e+01	-7.321768e+00
1.332000e+00	7.870608e+00	-7.382220e-02	2.159034e+01	-7.343920e+00
1.334000e+00	7.914284e+00	-7.278436e-02	2.193989e+01	-7.366420e+00
1.336000e+00	7.958664e+00	-7.170329e-02	2.229697e+01	-7.389276e+00
1.338000e+00	8.003764e+00	-7.057827e-02	2.266178e+01	-7.412494e+00
1.340000e+00	8.049599e+00	-6.940854e-02	2.303456e+01	-7.436084e+00
1.342000e+00	8.096185e+00	-6.819336e-02	2.341554e+01	-7.460054e+00
1.344000e+00	8.143539e+00	-6.693195e-02	2.380495e+01	-7.484410e+00
1.346000e+00	8.191678e+00	-6.562351e-02	2.420305e+01	-7.509163e+00
1.348000e+00	8.240620e+00	-6.426724e-02	2.461009e+01	-7.534321e+00
1.350000e+00	8.290382e+00	-6.286231e-02	2.502635e+01	-7.559893e+00
1.352000e+00	8.340983e+00	-6.140786e-02	2.545210e+01	-7.585889e+00
1.354000e+00	8.392442e+00	-5.990305e-02	2.588763e+01	-7.612318e+00
1.356000e+00	8.444780e+00	-5.834697e-02	2.633324e+01	-7.639190e+00
1.358000e+00	8.498016e+00	-5.673873e-02	2.678925e+01	-7.666516e+00
1.360000e+00	8.552171e+00	-5.507740e-02	2.725597e+01	-7.694306e+00
1.362000e+00	8.607267e+00	-5.336203e-02	2.773375e+01	-7.722570e+00
1.364000e+00	8.663327e+00	-5.159165e-02	2.822294e+01	-7.751321e+00
1.366000e+00	8.720373e+00	-4.976526e-02	2.872390e+01	-7.780570e+00
1.368000e+00	8.778430e+00	-4.788186e-02	2.923700e+01	-7.810329e+00
1.370000e+00	8.837521e+00	-4.594039e-02	2.976265e+01	-7.840611e+00
1.372000e+00	8.897673e+00	-4.393980e-02	3.030125e+01	-7.871427e+00
1.374000e+00	8.958911e+00	-4.187898e-02	3.085324e+01	-7.902792e+00
1.376000e+00	9.021262e+00	-3.975683e-02	3.141905e+01	-7.934719e+00
1.378000e+00	9.084755e+00	-3.757218e-02	3.199915e+01	-7.967222e+00
1.380000e+00	9.149419e+00	-3.532387e-02	3.259403e+01	-8.000316e+00
1.382000e+00	9.215283e+00	-3.301068e-02	3.320419e+01	-8.034015e+00
1.384000e+00	9.282378e+00	-3.063139e-02	3.383016e+01	-8.068336e+00
1.386000e+00	9.350737e+00	-2.818472e-02	3.447248e+01	-8.103295e+00
1.388000e+00	9.420392e+00	-2.566936e-02	3.513172e+01	-8.138907e+00
1.390000e+00	9.491378e+00	-2.308400e-02	3.580850e+01	-8.175192e+00
1.392000e+00	9.563730e+00	-2.042724e-02	3.650343e+01	-8.212165e+00
1.394000e+00	9.637486e+00	-1.769769e-02	3.721716e+01	-8.249847e+00
1.396000e+00	9.712683e+00	-1.489389e-02	3.795038e+01	-8.288256e+00
1.398000e+00	9.789360e+00	-1.201437e-02	3.870380e+01	-8.327412e+00
1.400000e+00	9.867560e+00	-9.057600e-03	3.947817e+01	-8.367336e+00
1.402000e+00	9.947324e+00	-6.022007e-03	4.027428e+01	-8.408049e+00
1.404000e+00	1.002870e+01	-2.905980e-03	4.109294e+01	-8.449574e+00
1.406000e+00	1.011172e+01	2.921362e-04	4.193501e+01	-8.491933e+00
1.408000e+00	1.019645e+01	3.574047e-03	4.280139e+01	-8.535151e+00
1.410000e+00	1.028293e+01	6.941506e-03	4.369302e+01	-8.579251e+00
1.412000e+00	1.037121e+01	1.039632e-02	4.461089e+01	-8.624261e+00
1.414000e+00	1.046135e+01	1.394034e-02	4.555605e+01	-8.670207e+00
1.416000e+00	1.055340e+01	1.757548e-02	4.652958e+01	-8.717117e+00
1.418000e+00	1.064742e+01	2.130371e-02	4.753262e+01	-8.765020e+00
1.420000e+00	1.074347e+01	2.512707e-02	4.856639e+01	-8.813945e+00
1.422000e+00	1.084160e+01	2.904763e-02	4.963214e+01	-8.863926e+00
1.424000e+00	1.094190e+01	3.306756e-02	5.073121e+01	-8.914994e+00
1.426000e+00	1.104442e+01	3.718908e-02	5.186500e+01	-8.967183e+00
1.428000e+00	1.114924e+01	4.141447e-02	5.303499e+01	-9.020529e+00
1.430000e+00	1.125642e+01	4.574612e-02	5.424273e+01	-9.075070e+00
1.432000e+00	1.136605e+01	5.018645e-02	5.548987e+01	-9.130843e+00
1.434000e+00	1.147821e+01	5.473799e-02	5.677813e+01	-9.187889e+00
1.436000e+00	1.159297e+01	5.940334e-02	5.810934e+01	-9.246251e+00
1.438000e+00	1.171044e+01	6.418519e-02	5.948543e+01	-9.305972e+00
1.440000e+00	1.183069e+01	6.908632e-02	6.090844e+01	-9.367099e+00
1.442000e+00	1.195383e+01	7.410960e-02	6.238052e+01	-9.429679e+00
1.444000e+00	1.207995e+01	7.925802e-02	6.390396e+01	-9.493763e+00
1.446000e+00	1.220916e+01	8.453465e-02	6.548118e+01	-9.559403e+00
1.448000e+00	1.234157e+01	8.994266e-02	6.711472e+01	-9.626656e+00
1.450000e+00	1.247730e+01	9.548537e-02	6.880731e+01	-9.695578e+00
1.452000e+00	1.261646e+01	1.011662e-01	7.056183e+01	-9.766230e+00
1.454000e+00	1.275918e+01	1.069887e-01	7.238133e+01	-9.838677e+00
1.456000e+00	1.290560e+01	1.129565e-01	7.426905e+01	-9.912984e+00
1.458000e+00	1.305586e+01	1.190734e-01	7.622846e+01	-9.989221e+00
1.460000e+00	1.321009e+01	1.253434e-01	7.826323e+01	-1.006746e+01
1.462000e+00	1.336846e+01	1.317706e-01	8.037726e+01	-1.014779e+01
1.464000e+00	1.353113e+01	1.383593e-01	8.257474e+01	-1.023028e+01
1.466000e+00	1.369826e+01	1.451139e-01	8.486011e+01	-1.031501e+01
1.468000e+00	1.387005e+01	1.520390e-01	8.723812e+01	-1.040209e+01
1.470000e+00	1.404667e+01	1.591394e-01	8.971385e+01	-1.049160e+01
1.472000e+00	1.422834e+01	1.664201e-01	9.229272e+01	-1.058365e+01
1.474000e+00	1.441525e+01	1.738864e-01	9.498054e+01	-1.067834e+01
1.476000e+00	1.460764e+01	1.815435e-01	9.778354e+01	-1.077579e+01
1.478000e+00	1.480574e+01	1.893973e-01	1.007084e+02	-1.087610e+01
1.480000e+00	1.500980e+01	1.974535e-01	1.037623e+02	-1.097942e+01
1.482000e+00	1.522009e+01	2.057183e-01	1.069529e+02	-1.108587e+01
1.484000e+00	1.543689e+01	2.141983e-01	1.102885e+02	-1.119559e+01
1.486000e+00	1.566049e+01	2.229000e-01	1.137780e+02	-1.130874e+01
1.488000e+00	1.589122e+01	2.318306e-01	1.174311e+02	-1.142546e+01
1.490000e+00	1.612940e+01	2.409974e-01	1.212581e+02	-1.154594e+01
1.492000e+00	1.637541e+01	2.504081e-01	1.252702e+02	-1.167035e+01
1.494000e+00	1.662961e+01	2.600708e-01	1.294797e+02	-1.179888e+01
1.496000e+00	1.689243e+01	2.699940e-01	1.338996e+02	-1.193174e+01
1.498000e+00	1.716428e+01	2.801865e-01	1.385442e+02	-1.206914e+01
1.500000e+00	1.744564e+01	2.906579e-01	1.434290e+02	-1.221132e+01
1.502000e+00	1.773701e+01	3.014178e-01	1.485709e+02	-1.235853e+01
1.504000e+00	1.803890e+01	3.124768e-01	1.539882e+02	-1.251103e+01
1.506000e+00	1.835191e+01	3.238456e-01	1.597010e+02	-1.266911e+01
1.508000e+00	1.867662e+01	3.355357e-01	1.657311e+02	-1.283307e+01
1.510000e+00	1.901372e+01	3.475595e-01	1.721025e+02	-1.300325e+01
1.512000e+00	1.936389e+01	3.599296e-01	1.788415e+02	-1.318000e+01
1.514000e+00	1.972791e+01	3.726596e-01	1.859769e+02	-1.336370e+01
1.516000e+00	2.010659e+01	3.857640e-01	1.935403e+02	-1.355477e+01
1.518000e+00	2.050083e+01	3.992579e-01	2.015668e+02	-1.375365e+01
1.520000e+00	2.091159e+01	4.131575e-01	2.100950e+02	-1.396082e+01
1.522000e+00	2.133992e+01	4.274800e-01	2.191675e+02	-1.417681e+01
1.524000e+00	2.178695e+01	4.422437e-01	2.288317e+02	-1.440219e+01
1.526000e+00	2.225391e+01	4.574680e-01	2.391401e+02	-1.463757e+01
1.528000e+00	2.274215e+01	4.731737e-01	2.501515e+02	-1.488363e+01
1.530000e+00	2.325313e+01	4.893829e-01	2.619311e+02	-1.514111e+01
1.532000e+00	2.378847e+01	5.061194e-01	2.745522e+02	-1.541080e+01
1.534000e+00	2.434993e+01	5.234085e-01	2.880968e+02	-1.569360e+01
1.536000e+00	2.493944e+01	5.412775e-01	3.026574e+02	-1.599047e+01
1.538000e+00	2.555914e+01	5.597558e-01	3.183381e+02	-1.630249e+01
1.540000e+00	2.621138e+01	5.788748e-01	3.352570e+02	-1.663082e+01
1.542000e+00	2.689877e+01	5.986687e-01	3.535478e+02	-1.697678e+01
1.544000e+00	2.762419e+01	6.191742e-01	3.733632e+02	-1.734182e+01
1.546000e+00	2.839088e+01	6.404312e-01	3.948773e+02	-1.772755e+01
1.548000e+00	2.920241e+01	6.624830e-01	4.182902e+02	-1.813575e+01
1.550000e+00	3.006280e+01	6.853766e-01	4.438320e+02	-1.856846e+01
1.552000e+00	3.097659e+01	7.091636e-01	4.717689e+02	-1.902793e+01
1.554000e+00	3.194884e+01	7.339000e-01	5.024102e+02	-1.951671e+01
1.556000e+00	3.298533e+01	7.596476e-01	5.361164e+02	-2.003768e+01
1.558000e+00	3.409259e+01	7.864740e-01	5.733106e+02	-2.059411e+01
1.560000e+00	3.527808e+01	8.144541e-01	6.144913e+02	-2.118974e+01
1.562000e+00	3.655035e+01	8.436708e-01	6.602492e+02	-2.182886e+01
1.564000e+00	3.791922e+01	8.742161e-01	7.112889e+02	-2.251637e+01
1.566000e+00	3.939608e+01	9.061926e-01	7.684558e+02	-2.325798e+01
1.568000e+00	4.099418e+01	9.397153e-01	8.327715e+02	-2.406031e+01
1.570000e+00	4.272899e+01	9.749135e-01	9.054800e+02	-2.493113e+01
1.572000e+00	4.461879e+01	1.011933e+00	9.881077e+02	-2.587956e+01
1.574000e+00	4.668523e+01	1.050941e+00	1.082545e+03	-2.691645e+01
1.576000e+00	4.895420e+01	1.092127e+00	1.191155e+03	-2.805475e+01
1.578000e+00	5.145689e+01	1.135709e+00	1.316922e+03	-2.931008e+01
1.580000e+00	5.423128e+01	1.181941e+00	1.463661e+03	-3.070143e+01
1.582000e+00	5.732402e+01	1.231117e+00	1.636307e+03	-3.225216e+01
1.584000e+00	6.079310e+01	1.283585e+00	1.841341e+03	-3.399126e+01
1.586000e+00	6.471150e+01	1.339758e+00	2.087401e+03	-3.595527e+01
1.588000e+00	6.917236e+01	1.400131e+00	2.386210e+03	-3.819077e+01
1.590000e+00	7.429649e+01	1.465305e+00	2.754000e+03	-4.075822e+01
1.592000e+00	8.024346e+01	1.536023e+00	3.213763e+03	-4.373742e+01
1.594000e+00	8.722844e+01	1.613211e+00	3.798933e+03	-4.723603e+01
1.596000e+00	9.554883e+01	1.698049e+00	4.559641e+03	-5.140281e+01
1.598000e+00	1.056276e+02	1.792076e+00	5.573823e+03	-5.644932e+01
1.600000e+00	1.180874e+02	1.897344e+00	6.968004e+03	-6.268700e+01
