0.000000 0.000000 0.000000
190.818316 3.330746 -7.633895
381.751043 6.663489 -3.814659
572.489284 16.659657 -3.814659
572.489284 206.113953 -28.064809
566.111666 388.745038 -83.618501
750.354571 438.112776 -73.699902
940.864921 451.434557 -70.644293
1104.519735 353.100824 -65.298388
1205.597749 514.859460 -75.216987
1369.295752 613.219143 -72.161378
1537.938742 523.550075 -72.161378
1728.900553 523.550075 -75.980614
1909.471490 461.374515 -72.925005
1886.199099 650.912926 -76.744242
2023.593001 783.592675 -76.744242
2134.713795 936.537327 -103.967440
2114.266491 1103.067257 -195.240054
2114.266491 1286.993385 -246.739370
2165.968872 1467.301016 -282.753564
2152.945726 1653.540677 -323.079563
2133.104844 1842.314062 -344.338641
2136.407847 2031.543001 -370.077697
2146.358268 2221.408349 -388.329784
2075.318070 2397.239009 -411.086521
2075.318070 2587.798943 -424.044597
2075.318070 2778.760754 -420.225361
2062.001400 2969.198009 -426.334234
2045.367955 3159.319160 -433.968129
2022.117679 3348.677460 -443.125586
1982.406864 3535.502157 -442.361592
1985.738968 3726.398250 -447.707497
1962.515554 3915.537779 -460.665572
1949.208690 4105.834790 -470.203657
1929.287096 4295.376100 -482.782290
1925.959670 4486.004187 -494.221718
1899.620080 4673.420107 -519.960774
1889.758857 4861.583451 -551.238754
1889.758857 5052.398831 -559.634631
1886.426254 5243.323543 -563.835615
1853.266084 5431.384215 -567.654851
1846.616551 5621.801910 -580.992214
1846.616551 5812.649293 -588.626110
1846.616551 6003.649293 -588.626110
1846.616551 6194.649293 -588.626110
1856.608224 6385.301760 -594.353533
1856.608224 6576.301760 -594.353533
1676.014176 6514.118243 -594.353533
1489.271999 6474.424968 -600.080956
1303.945515 6428.217886 -600.080956
1120.344531 6375.571151 -600.080956
940.979432 6310.287593 -593.209407
762.735428 6241.866131 -587.863503
571.888045 6241.866131 -580.229607
396.106771 6167.251407 -576.410371
212.652492 6114.646739 -568.776476
47.289257 6019.174231 -564.193795
-142.638676 6005.893176 -548.962458
-207.689807 5827.166662 -531.464354
-207.689807 5636.204851 -527.645118
-191.043060 5445.931663 -527.645118
-84.237216 5287.585487 -527.645118
-84.237216 5097.025553 -514.687042
-87.562489 4906.520810 -501.349679
-165.109728 4732.346859 -489.910251
-87.527849 4558.095106 -479.991652
-196.933132 4401.848169 -470.073053
-230.073432 4213.900186 -462.439158
-216.760592 4023.517698 -454.805262
-256.390645 3837.072955 -442.606220
-318.524476 3656.623209 -434.972325
-335.148762 3466.606750 -425.053726
-184.784190 3349.129072 -416.657849
-293.556925 3193.785507 -393.901112
-352.567370 3012.170032 -390.081876
-185.515006 2919.571395 -390.081876
-231.698448 2734.339725 -383.973003
-154.034114 2559.902774 -379.390322
-313.425219 2456.392979 -360.385112
-458.954800 2334.279161 -340.627673
-432.562086 2146.485244 -317.870936
-409.485219 1958.539243 -292.875753
-338.706331 1783.355348 -264.912350
-310.025079 1602.269048 -211.376029
-323.348566 1411.734314 -211.376029
-359.265670 1226.956829 -178.999453
-336.494711 1041.502247 -139.387822
-273.993126 869.780556 -83.834131
-165.576014 731.012979 -9.872726
-276.432994 578.431435 20.303460
0.000000 0.000000 0.000000
