0.000000 0.000000 0.000000
190.818316 3.330746 -7.633895
381.556557 13.326914 -7.633895
381.556557 202.781210 -31.884045
375.178939 385.412295 -87.437737
559.421844 434.780032 -77.519138
749.932194 448.101814 -74.463529
913.587008 349.768081 -69.117624
1014.665022 511.526717 -79.036223
1178.363025 609.886400 -75.980614
1347.006015 520.217332 -75.980614
1537.967826 520.217332 -79.799851
1718.538763 458.041772 -76.744242
1695.266372 647.580183 -80.563478
1832.660274 780.259932 -80.563478
1943.781068 933.204584 -107.786676
1923.333764 1099.734514 -199.059290
1923.333764 1283.660642 -250.558606
1975.036145 1463.968273 -286.572800
1962.012999 1650.207934 -326.898799
1942.172117 1838.981319 -348.157877
1945.475120 2028.210258 -373.896933
1955.425541 2218.075606 -392.149020
1884.385343 2393.906266 -414.905758
1884.385343 2584.466200 -427.863833
1884.385343 2775.428011 -424.044597
1871.068673 2965.865266 -430.153470
1854.435228 3155.986417 -437.787365
1831.184952 3345.344717 -446.944822
1791.474137 3532.169414 -446.180828
1794.806241 3723.065507 -451.526733
1771.582827 3912.205036 -464.484808
1758.275963 4102.502047 -474.022893
1738.354369 4292.043356 -486.601527
1735.026943 4482.671444 -498.040954
1708.687353 4670.087364 -523.780010
1698.826130 4858.250708 -555.057991
1698.826130 5049.066088 -563.453867
1695.493527 5239.990800 -567.654851
1662.333357 5428.051472 -571.474087
1655.683824 5618.469167 -584.811450
1655.683824 5809.316550 -592.445346
1655.683824 6000.316550 -592.445346
1655.683824 6191.316550 -592.445346
1665.675497 6381.969017 -598.172769
1665.675497 6572.969017 -598.172769
1485.081449 6510.785499 -598.172769
1298.339272 6471.092224 -603.900192
1113.012788 6424.885142 -603.900192
929.411804 6372.238407 -603.900192
750.046705 6306.954850 -597.028644
571.802701 6238.533388 -591.682739
380.955318 6238.533388 -584.048843
205.174044 6163.918664 -580.229607
21.719765 6111.313996 -572.595712
-143.643470 6015.841488 -568.013031
-333.571403 6002.560433 -552.781694
-398.622534 5823.833919 -535.283590
-398.622534 5632.872108 -531.464354
-391.956730 5441.988460 -531.464354
-385.290927 5251.104812 -531.464354
-378.640481 5060.660962 -518.506278
-371.990948 4870.243267 -505.168915
-365.337111 4679.702285 -493.729487
-358.680301 4489.076190 -483.810888
-352.023491 4298.450094 -473.892289
-345.363013 4107.718970 -466.258394
-338.702536 3916.987846 -458.624498
-332.050341 3726.493931 -446.425457
-325.389864 3535.762807 -438.791561
-318.733054 3345.136711 -428.872962
-312.073693 3154.437571 -420.477085
-305.455371 2964.913618 -397.720348
-298.790900 2774.068135 -393.901112
-292.125096 2583.184487 -393.901112
-285.462702 2392.398497 -387.792239
-278.798817 2201.569800 -383.209559
-272.166095 2011.633471 -364.204348
-265.536050 1821.773823 -344.446909
-258.917727 1632.249870 -321.690172
-252.309248 1443.007779 -296.694990
-245.715270 1254.180960 -268.731586
-239.316672 1070.949084 -215.195265
-232.650868 880.065436 -215.195265
-226.081530 691.944196 -182.818689
-219.560652 505.210704 -143.207058
-213.183034 322.579619 -87.653367
-207.037283 146.588311 -13.691962
-200.455197 -41.897959 16.484223
0.000000 0.000000 0.000000
