-1.000000 89.000000
0.000000 87.000000
-3.200000 0.000000
-7.600000 358.000000
1.300000 75.000000
0.400000 86.000000
0.700000 121.000000
-1.300000 32.000000
0.400000 59.000000
0.000000 118.000000
-0.500000 90.000000
0.400000 109.000000
-0.500000 353.000000
0.000000 46.000000
-3.600000 36.000000
-13.600000 353.000000
-7.000000 0.000000
-4.800000 16.000000
-5.400000 356.000000
-2.800000 354.000000
-3.400000 1.000000
-2.400000 3.000000
-3.000000 338.000000
-1.700000 0.000000
0.500000 0.000000
-0.800000 356.000000
-1.000000 355.000000
-1.200000 353.000000
0.100000 348.000000
-0.700000 1.000000
-1.700000 353.000000
-1.250000 356.000000
-1.650000 354.000000
-1.500000 359.000000
-3.400000 352.000000
-4.150000 357.000000
-1.100000 0.000000
-0.550000 359.000000
-0.500000 350.000000
-1.750000 358.000000
-1.000000 0.000000
0.000000 0.000000
0.000000 0.000000
-0.750000 3.000000
0.000000 0.000000
0.000000 251.000000
-0.750000 258.000000
0.000000 256.000000
0.000000 254.000000
0.900000 250.000000
0.700000 249.000000
1.000000 270.000000
0.500000 247.000000
1.000000 254.000000
0.600000 240.000000
2.000000 266.000000
2.300000 200.000000
0.500000 180.000000
0.000000 178.000000
0.000000 178.000000
1.700000 178.000000
1.750000 178.000000
1.500000 178.000000
1.300000 178.000000
1.300000 178.000000
1.000000 178.000000
1.000000 178.000000
1.600000 178.000000
1.000000 178.000000
1.300000 178.000000
1.100000 178.000000
3.000000 178.000000
0.500000 178.000000
0.000000 178.000000
0.800000 178.000000
0.600000 178.000000
2.500000 178.000000
2.600000 178.000000
3.000000 178.000000
3.300000 178.000000
3.700000 178.000000
7.300000 178.000000
0.000000 178.000000
4.300000 178.000000
5.300000 178.000000
7.600000 178.000000
10.500000 178.000000
4.000000 178.000000
