-1 89
0.5 89
0 87
-3.2 0
-7.6 358
1.3 75
0.4 86
0.7 121
-1.3 32
0.4 59
0 118
-0.5 90
0.4 109
-0.5 353
0 46
-3.6 36
-13.6 353
-7 0
-4.8 16
-5.4 356
-2.8 354
-3.4 1
-2.4 3
-3 338
-1.7 0
0.5 0
-0.8 356
-1 355
-1.2 353
0.1 348
-0.7 1
-1.7 353
-1.25 356
-1.65 354
-1.5 359
-3.4 352
-4.15 357
-1.1 0
-0.55 359
-0.5 350
-1.75 358
-1 0
0 0
0 0
-0.75 3
0 0
0 251
-0.75 258
0 256
0 254
0.9 250
0.7 249
1 270
0.5 247
1 254
0.6 240
2 266
2.3 200
0.5 180
0 175
0 146
1.7 180
1.75 181
1.5 204
1.3 156
1.3 215
1 190
1 176
1.6 192
1 199
1.3 185
1.1 128
3 215
0.5 198
0 119
0.8 194
0.6 156
2.5 237
2.6 230
3 172
3.3 173
3.7 158
7.3 171
0 184
4.3 191
5.3 173
7.6 160
10.5 142
4 216
