24.998000	9.727505e-01	-7.977123e-02	-1.455965e+01
49.998000	9.284834e-01	-2.646003e-02	-1.456869e+01
74.998000	8.851533e-01	-1.326946e-02	-1.453855e+01
99.998000	9.184944e-01	-1.898329e-02	-1.456618e+01
124.998000	9.087474e-01	-1.866291e-02	-1.455675e+01
149.998000	9.191123e-01	-1.435932e-02	-1.457142e+01
174.998000	9.135970e-01	-3.178071e-03	-1.457709e+01
199.998000	9.209773e-01	-7.889993e-03	-1.457975e+01
224.998000	9.161306e-01	-9.362845e-03	-1.457343e+01
249.998000	9.148247e-01	-6.566791e-03	-1.457492e+01
274.998000	9.141412e-01	-6.029704e-03	-1.457478e+01
299.998000	9.096007e-01	-5.571469e-03	-1.457070e+01
324.998000	9.096489e-01	-4.054379e-03	-1.457226e+01
349.998000	9.121304e-01	-4.788457e-03	-1.457401e+01
374.998000	9.076992e-01	-4.375178e-03	-1.456999e+01
399.998000	9.048501e-01	-3.730927e-03	-1.456779e+01
424.998000	9.027982e-01	-4.084690e-03	-1.456538e+01
449.998000	9.069722e-01	-5.654136e-03	-1.456798e+01
474.998000	9.087708e-01	-5.184481e-03	-1.457025e+01
499.998000	9.023456e-01	-3.627854e-03	-1.456538e+01
524.998000	9.011686e-01	-1.301671e-03	-1.456653e+01
549.998000	9.016285e-01	-2.715708e-03	-1.456558e+01
574.998000	9.044342e-01	-3.577867e-03	-1.456752e+01
599.998000	9.073001e-01	-4.374142e-03	-1.456959e+01
624.998000	9.016084e-01	-2.436173e-03	-1.456584e+01
649.998000	9.020320e-01	-2.218976e-03	-1.456648e+01
674.998000	9.031593e-01	-2.182750e-03	-1.456764e+01
699.998000	9.119833e-01	-4.565078e-03	-1.457408e+01
724.998000	9.036489e-01	-9.357506e-04	-1.456938e+01
749.998000	9.038673e-01	-6.888659e-04	-1.456984e+01
774.998000	9.065246e-01	-2.405490e-03	-1.457079e+01
799.998000	9.074216e-01	-2.262049e-03	-1.457183e+01
824.998000	9.091277e-01	-3.148680e-03	-1.457265e+01
849.998000	9.057780e-01	-9.279485e-04	-1.457152e+01
874.998000	9.086797e-01	-2.051949e-03	-1.457329e+01
899.998000	9.096622e-01	-2.218194e-03	-1.457411e+01
924.998000	9.072079e-01	-1.350094e-03	-1.457252e+01
949.998000	9.079601e-01	-1.724184e-03	-1.457290e+01
974.998000	9.068270e-01	-1.427207e-03	-1.457207e+01
999.998000	9.071942e-01	-1.762455e-03	-1.457210e+01
1024.998000	9.078394e-01	-2.534134e-03	-1.457197e+01
1049.998000	9.069665e-01	-1.955497e-03	-1.457168e+01
1074.998000	9.072309e-01	-1.804660e-03	-1.457209e+01
1099.998000	9.069801e-01	-1.130705e-03	-1.457252e+01
1124.998000	9.076584e-01	-1.376522e-03	-1.457295e+01
1149.998000	9.081728e-01	-1.503897e-03	-1.457334e+01
1174.998000	9.097059e-01	-2.262288e-03	-1.457411e+01
1199.998000	9.085947e-01	-1.141857e-03	-1.457412e+01
1224.998000	9.099687e-01	-1.746274e-03	-1.457489e+01
1249.998000	9.088004e-01	-1.830285e-03	-1.457364e+01
1274.998000	9.076730e-01	-8.008138e-04	-1.457354e+01
1299.998000	9.074268e-01	-1.322219e-03	-1.457277e+01
1324.998000	9.079472e-01	-1.397215e-03	-1.457322e+01
1349.998000	9.093167e-01	-2.074052e-03	-1.457391e+01
1374.998000	9.063480e-01	-6.120548e-04	-1.457240e+01
1399.998000	9.060290e-01	-1.120568e-03	-1.457157e+01
1424.998000	9.064797e-01	-1.071287e-03	-1.457207e+01
1449.998000	9.061551e-01	-4.931925e-04	-1.457233e+01
1474.998000	9.070959e-01	-9.425616e-04	-1.457282e+01
1499.998000	9.067648e-01	-1.372405e-03	-1.457206e+01
1524.998000	9.071319e-01	-1.449349e-03	-1.457235e+01
1549.998000	9.058565e-01	-1.067596e-03	-1.457146e+01
1574.998000	9.061282e-01	-1.073293e-03	-1.457172e+01
1599.998000	9.074845e-01	-1.584911e-03	-1.457257e+01
1624.998000	9.088945e-01	-1.933409e-03	-1.457363e+01
1649.998000	9.048926e-01	-1.064260e-03	-1.457049e+01
1674.998000	9.053796e-01	-1.116173e-03	-1.457093e+01
1699.998000	9.060943e-01	-1.246515e-03	-1.457151e+01
1724.998000	9.056915e-01	-1.009496e-03	-1.457135e+01
1749.998000	9.057484e-01	-8.535718e-04	-1.457156e+01
1774.998000	9.053464e-01	-1.026803e-03	-1.457099e+01
1799.998000	9.056162e-01	-9.849109e-04	-1.457130e+01
1824.998000	9.058571e-01	-9.882185e-04	-1.457154e+01
1849.998000	9.061381e-01	-9.944891e-04	-1.457181e+01
1874.998000	9.064343e-01	-1.067418e-03	-1.457203e+01
1899.998000	9.067913e-01	-8.617973e-04	-1.457260e+01
1924.998000	9.071012e-01	-8.154462e-04	-1.457295e+01
1949.998000	9.072978e-01	-9.517997e-04	-1.457301e+01
1974.998000	9.070890e-01	-9.812276e-04	-1.457277e+01
1999.998000	9.077566e-01	-1.483994e-03	-1.457294e+01
2024.998000	9.072921e-01	-1.016710e-03	-1.457294e+01
2049.998000	9.064140e-01	-8.563304e-04	-1.457222e+01
2074.998000	9.074671e-01	-1.362630e-03	-1.457277e+01
2099.998000	9.065910e-01	-5.541859e-04	-1.457270e+01
2124.998000	9.075545e-01	-1.110533e-03	-1.457311e+01
2149.998000	9.071435e-01	-8.751358e-04	-1.457293e+01
2174.998000	9.056718e-01	-5.968056e-04	-1.457174e+01
2199.998000	9.061762e-01	-8.303872e-04	-1.457201e+01
2224.998000	9.059256e-01	-6.024067e-04	-1.457199e+01
2249.998000	9.057633e-01	-7.872790e-04	-1.457164e+01
2274.998000	9.063010e-01	-1.095351e-03	-1.457187e+01
2299.998000	9.068018e-01	-1.039659e-03	-1.457243e+01
2324.998000	9.073230e-01	-1.174043e-03	-1.457282e+01
2349.998000	9.064322e-01	-1.020232e-03	-1.457208e+01
2374.998000	9.058833e-01	-6.696968e-04	-1.457188e+01
2399.998000	9.071414e-01	-1.088838e-03	-1.457272e+01
2424.998000	9.064158e-01	-7.225667e-04	-1.457236e+01
2449.998000	9.065815e-01	-5.877725e-04	-1.457266e+01
2474.998000	9.059934e-01	-6.621641e-04	-1.457200e+01
2499.998000	9.067115e-01	-9.160935e-04	-1.457246e+01
2524.998000	9.062812e-01	-8.960195e-04	-1.457205e+01
2549.998000	9.061782e-01	-7.933362e-04	-1.457205e+01
2574.998000	9.060647e-01	-9.097290e-04	-1.457182e+01
2599.998000	9.056156e-01	-6.033718e-04	-1.457168e+01
2624.998000	9.050344e-01	-4.447613e-04	-1.457126e+01
2649.998000	9.054573e-01	-6.805163e-04	-1.457144e+01
2674.998000	9.055723e-01	-6.107121e-04	-1.457163e+01
2699.998000	9.058821e-01	-6.382887e-04	-1.457191e+01
2724.998000	9.058010e-01	-3.907716e-04	-1.457208e+01
2749.998000	9.059196e-01	-5.696000e-04	-1.457202e+01
2774.998000	9.065621e-01	-7.452635e-04	-1.457248e+01
2799.998000	9.065713e-01	-6.645924e-04	-1.457257e+01
2824.998000	9.060074e-01	-4.690763e-04	-1.457220e+01
2849.998000	9.061474e-01	-5.155553e-04	-1.457230e+01
2874.998000	9.067106e-01	-7.883760e-04	-1.457259e+01
2899.998000	9.072221e-01	-9.296028e-04	-1.457296e+01
2924.998000	9.059919e-01	-3.755794e-04	-1.457228e+01
2949.998000	9.064630e-01	-6.543148e-04	-1.457248e+01
2974.998000	9.063792e-01	-3.839152e-04	-1.457266e+01
2999.998000	9.065954e-01	-5.086290e-04	-1.457275e+01
3024.998000	9.065278e-01	-3.312589e-04	-1.457286e+01
3049.998000	9.073413e-01	-8.175413e-04	-1.457319e+01
3074.998000	9.073483e-01	-6.886218e-04	-1.457333e+01
3099.998000	9.077489e-01	-7.652523e-04	-1.457365e+01
3124.998000	9.074812e-01	-5.777239e-04	-1.457357e+01
3149.998000	9.077188e-01	-6.273759e-04	-1.457376e+01
3174.998000	9.076580e-01	-4.936141e-04	-1.457383e+01
3199.998000	9.077966e-01	-4.876382e-04	-1.457398e+01
3224.998000	9.083533e-01	-7.225242e-04	-1.457430e+01
3249.998000	9.075306e-01	-4.633181e-04	-1.457373e+01
3274.998000	9.076056e-01	-3.922589e-04	-1.457388e+01
3299.998000	9.077795e-01	-3.538892e-04	-1.457409e+01
3324.998000	9.080291e-01	-4.735708e-04	-1.457422e+01
3349.998000	9.088217e-01	-8.860228e-04	-1.457460e+01
3374.998000	9.083301e-01	-6.930020e-04	-1.457430e+01
3399.998000	9.081113e-01	-6.854522e-04	-1.457409e+01
3424.998000	9.076040e-01	-6.090396e-04	-1.457366e+01
3449.998000	9.081215e-01	-4.299082e-04	-1.457436e+01
3474.998000	9.076499e-01	-4.219231e-04	-1.457389e+01
3499.998000	9.078418e-01	-5.072675e-04	-1.457400e+01
3524.998000	9.075396e-01	-5.488288e-04	-1.457366e+01
3549.998000	9.071575e-01	-5.218640e-04	-1.457330e+01
3574.998000	9.069162e-01	-2.713063e-04	-1.457331e+01
3599.998000	9.075708e-01	-6.174527e-04	-1.457362e+01
3624.998000	9.069971e-01	-3.264315e-04	-1.457334e+01
3649.998000	9.074808e-01	-6.529754e-04	-1.457349e+01
3674.998000	9.074306e-01	-5.002311e-04	-1.457360e+01
3699.998000	9.070046e-01	-4.645159e-04	-1.457321e+01
3724.998000	9.072868e-01	-6.093891e-04	-1.457334e+01
3749.998000	9.072471e-01	-4.359032e-04	-1.457348e+01
3774.998000	9.067770e-01	-3.747464e-04	-1.457307e+01
3799.998000	9.069012e-01	-4.274117e-04	-1.457314e+01
3824.998000	9.069997e-01	-3.661446e-04	-1.457330e+01
3849.998000	9.071793e-01	-3.852678e-04	-1.457346e+01
3874.998000	9.074846e-01	-5.420827e-04	-1.457361e+01
3899.998000	9.076873e-01	-5.202274e-04	-1.457383e+01
3924.998000	9.078599e-01	-5.955871e-04	-1.457393e+01
3949.998000	9.078276e-01	-5.305863e-04	-1.457396e+01
3974.998000	9.074586e-01	-4.754376e-04	-1.457365e+01
3999.998000	9.073780e-01	-3.525138e-04	-1.457369e+01
4024.998000	9.072458e-01	-1.556039e-04	-1.457376e+01
4049.998000	9.071008e-01	-2.871511e-04	-1.457348e+01
4074.998000	9.071409e-01	-3.492653e-04	-1.457346e+01
4099.998000	9.069278e-01	-3.559089e-04	-1.457324e+01
4124.998000	9.070611e-01	-3.694650e-04	-1.457336e+01
4149.998000	9.073121e-01	-4.741060e-04	-1.457350e+01
4174.998000	9.073011e-01	-3.674134e-04	-1.457360e+01
4199.998000	9.078603e-01	-6.427165e-04	-1.457388e+01
4224.998000	9.076451e-01	-5.488265e-04	-1.457376e+01
4249.998000	9.072115e-01	-3.648388e-04	-1.457351e+01
4274.998000	9.072844e-01	-3.163604e-04	-1.457363e+01
4299.998000	9.077573e-01	-5.768862e-04	-1.457385e+01
4324.998000	9.076349e-01	-4.656281e-04	-1.457384e+01
4349.998000	9.073511e-01	-3.459726e-04	-1.457367e+01
4374.998000	9.075367e-01	-4.898000e-04	-1.457371e+01
4399.998000	9.073175e-01	-2.373911e-04	-1.457375e+01
4424.998000	9.074663e-01	-5.398826e-04	-1.457359e+01
4449.998000	9.074857e-01	-5.040259e-04	-1.457365e+01
4474.998000	9.073063e-01	-2.153963e-04	-1.457376e+01
4499.998000	9.071226e-01	-3.594347e-04	-1.457343e+01
4524.998000	9.068517e-01	-3.324340e-04	-1.457319e+01
4549.998000	9.068387e-01	-2.044222e-04	-1.457330e+01
4574.998000	9.069565e-01	-2.988685e-04	-1.457332e+01
4599.998000	9.074224e-01	-2.713756e-04	-1.457382e+01
4624.998000	9.085079e-01	-7.100672e-04	-1.457446e+01
4649.998000	9.073350e-01	-3.881210e-04	-1.457361e+01
4674.998000	9.074800e-01	-4.183192e-04	-1.457373e+01
4699.998000	9.070977e-01	-1.598768e-04	-1.457360e+01
4724.998000	9.073360e-01	-4.308320e-04	-1.457357e+01
4749.998000	9.074071e-01	-3.757568e-04	-1.457370e+01
4774.998000	9.079634e-01	-4.230797e-04	-1.457421e+01
4799.998000	9.077242e-01	-3.710354e-04	-1.457402e+01
4824.998000	9.082032e-01	-5.320207e-04	-1.457434e+01
4849.998000	9.076095e-01	-2.426889e-04	-1.457403e+01
4874.998000	9.080219e-01	-4.604693e-04	-1.457423e+01
4899.998000	9.077207e-01	-1.707949e-04	-1.457422e+01
4924.998000	9.078174e-01	-1.726175e-04	-1.457431e+01
4949.998000	9.083947e-01	-5.106249e-04	-1.457455e+01
4974.998000	9.081225e-01	-2.955727e-04	-1.457449e+01
4999.998000	9.078230e-01	-2.415608e-04	-1.457425e+01
5024.998000	9.079549e-01	-3.173296e-04	-1.457430e+01
5049.998000	9.076205e-01	-2.390560e-04	-1.457405e+01
5074.998000	9.077213e-01	-3.193111e-04	-1.457407e+01
5099.998000	9.078243e-01	-2.854442e-04	-1.457421e+01
5124.998000	9.078268e-01	-2.222092e-04	-1.457427e+01
5149.998000	9.077060e-01	-3.247567e-04	-1.457405e+01
5174.998000	9.077045e-01	-2.760971e-04	-1.457409e+01
5199.998000	9.078927e-01	-3.678145e-04	-1.457419e+01
5224.998000	9.079382e-01	-3.247043e-04	-1.457428e+01
5249.998000	9.083323e-01	-3.217962e-04	-1.457468e+01
5274.998000	9.081779e-01	-2.828220e-04	-1.457456e+01
5299.998000	9.082697e-01	-2.611984e-04	-1.457468e+01
5324.998000	9.090923e-01	-6.180004e-04	-1.457514e+01
5349.998000	9.079581e-01	-2.363909e-04	-1.457439e+01
5374.998000	9.081188e-01	-3.252437e-04	-1.457446e+01
5399.998000	9.083002e-01	-3.992749e-04	-1.457457e+01
5424.998000	9.081772e-01	-1.616119e-04	-1.457468e+01
5449.998000	9.080224e-01	-1.444774e-04	-1.457454e+01
5474.998000	9.081716e-01	-3.700056e-04	-1.457447e+01
5499.998000	9.081517e-01	-2.821104e-04	-1.457454e+01
5524.998000	9.083971e-01	-4.346119e-04	-1.457463e+01
5549.998000	9.081386e-01	-2.674514e-04	-1.457454e+01
5574.998000	9.082474e-01	-9.740296e-05	-1.457482e+01
5599.998000	9.083218e-01	-2.735895e-04	-1.457471e+01
5624.998000	9.082611e-01	-2.730430e-04	-1.457465e+01
5649.998000	9.081539e-01	-1.066583e-04	-1.457471e+01
5674.998000	9.085211e-01	-3.551890e-04	-1.457483e+01
5699.998000	9.084175e-01	-3.517206e-04	-1.457473e+01
5724.998000	9.082393e-01	-2.891706e-04	-1.457462e+01
5749.998000	9.082917e-01	-2.711317e-04	-1.457469e+01
5774.998000	9.079692e-01	-3.147944e-04	-1.457432e+01
5799.998000	9.076291e-01	-1.327073e-04	-1.457416e+01
5824.998000	9.083671e-01	-5.448845e-04	-1.457449e+01
5849.998000	9.077357e-01	-3.169712e-04	-1.457409e+01
5874.998000	9.076917e-01	-2.605178e-04	-1.457410e+01
5899.998000	9.079071e-01	-4.063010e-04	-1.457417e+01
5924.998000	9.082326e-01	-4.029107e-04	-1.457450e+01
5949.998000	9.080614e-01	-1.929520e-04	-1.457453e+01
5974.998000	9.078634e-01	-2.462021e-04	-1.457428e+01
5999.998000	9.079775e-01	-3.045661e-04	-1.457434e+01
6024.998000	9.076039e-01	-1.892288e-04	-1.457408e+01
6049.998000	9.074934e-01	-1.865374e-04	-1.457397e+01
6074.998000	9.077214e-01	-3.255804e-04	-1.457406e+01
6099.998000	9.076672e-01	-3.530716e-04	-1.457398e+01
6124.998000	9.076062e-01	-1.037320e-04	-1.457417e+01
6149.998000	9.077654e-01	-1.601518e-04	-1.457427e+01
6174.998000	9.079223e-01	-2.711050e-04	-1.457432e+01
6199.998000	9.080182e-01	-2.948662e-04	-1.457439e+01
6224.998000	9.083857e-01	-4.654403e-04	-1.457459e+01
6249.998000	9.075882e-01	-2.579696e-04	-1.457400e+01
6274.998000	9.075699e-01	-3.238864e-04	-1.457391e+01
6299.998000	9.074621e-01	-2.116492e-04	-1.457392e+01
6324.998000	9.076378e-01	-4.855165e-05	-1.457426e+01
6349.998000	9.087059e-01	-5.799679e-04	-1.457479e+01
6374.998000	9.077535e-01	-2.996122e-04	-1.457412e+01
6399.998000	9.077203e-01	-3.735133e-04	-1.457401e+01
6424.998000	9.077763e-01	-4.334128e-04	-1.457401e+01
6449.998000	9.071883e-01	-8.125667e-05	-1.457377e+01
6474.998000	9.075894e-01	-3.523152e-04	-1.457390e+01
6499.998000	9.074427e-01	-3.026858e-04	-1.457381e+01
6524.998000	9.074370e-01	-2.951227e-04	-1.457381e+01
6549.998000	9.074059e-01	-2.754798e-04	-1.457380e+01
6574.998000	9.074104e-01	-2.048915e-04	-1.457387e+01
6599.998000	9.073118e-01	-2.069457e-05	-1.457396e+01
6624.998000	9.080669e-01	-4.642258e-04	-1.457427e+01
6649.998000	9.075551e-01	-3.583415e-04	-1.457386e+01
6674.998000	9.074167e-01	-2.049208e-04	-1.457388e+01
6699.998000	9.071449e-01	-3.399177e-04	-1.457347e+01
6724.998000	9.072402e-01	-2.970155e-04	-1.457361e+01
6749.998000	9.072496e-01	-2.859101e-04	-1.457363e+01
6774.998000	9.072015e-01	-2.036990e-04	-1.457366e+01
6799.998000	9.071032e-01	-2.975572e-04	-1.457347e+01
6824.998000	9.069011e-01	-2.964948e-04	-1.457327e+01
6849.998000	9.069209e-01	-2.730929e-04	-1.457331e+01
6874.998000	9.070947e-01	-3.363119e-04	-1.457342e+01
6899.998000	9.068673e-01	-7.914036e-05	-1.457345e+01
6924.998000	9.069222e-01	-1.135994e-04	-1.457348e+01
6949.998000	9.069531e-01	-2.243001e-04	-1.457340e+01
6974.998001	9.070975e-01	-3.306588e-04	-1.457343e+01
6999.998001	9.067290e-01	-1.348967e-04	-1.457326e+01
7024.998001	9.072890e-01	-3.841496e-04	-1.457357e+01
7049.998001	9.073793e-01	-3.453305e-04	-1.457370e+01
7074.998001	9.070187e-01	-6.989661e-05	-1.457362e+01
7099.998001	9.076044e-01	-3.766624e-04	-1.457389e+01
7124.998001	9.073988e-01	-3.184367e-04	-1.457375e+01
7149.998001	9.073838e-01	-2.989382e-04	-1.457375e+01
7174.998001	9.077214e-01	-4.207286e-04	-1.457397e+01
7199.998001	9.073799e-01	-2.853641e-04	-1.457376e+01
7224.998001	9.075731e-01	-3.609477e-04	-1.457388e+01
7249.998001	9.073457e-01	-3.212369e-04	-1.457369e+01
7274.998001	9.069863e-01	-2.210942e-04	-1.457343e+01
7299.998001	9.070818e-01	-2.424757e-04	-1.457351e+01
7324.998001	9.071934e-01	-2.695223e-04	-1.457359e+01
7349.998001	9.071631e-01	-2.035626e-04	-1.457363e+01
7374.998001	9.073052e-01	-2.624026e-04	-1.457371e+01
7399.998001	9.070761e-01	-2.343217e-04	-1.457351e+01
7424.998001	9.072140e-01	-2.817964e-04	-1.457360e+01
7449.998001	9.072053e-01	-3.039263e-04	-1.457357e+01
7474.998001	9.071982e-01	-1.453764e-04	-1.457372e+01
7499.998001	9.070985e-01	-2.049049e-04	-1.457356e+01
7524.998001	9.071216e-01	-1.826067e-04	-1.457361e+01
7549.998001	9.070228e-01	-2.535320e-04	-1.457344e+01
7574.998001	9.067934e-01	-2.224190e-04	-1.457324e+01
7599.998001	9.068143e-01	-1.545994e-04	-1.457333e+01
7624.998001	9.068917e-01	-2.049245e-04	-1.457335e+01
7649.998001	9.069832e-01	-2.165460e-04	-1.457343e+01
7674.998001	9.073185e-01	-2.896203e-04	-1.457370e+01
7699.998001	9.068499e-01	-1.836998e-04	-1.457333e+01
7724.998001	9.066314e-01	-1.262955e-04	-1.457317e+01
7749.998001	9.066439e-01	-2.934509e-04	-1.457302e+01
7774.998001	9.066523e-01	-2.378901e-04	-1.457308e+01
7799.998001	9.064271e-01	-1.907146e-04	-1.457290e+01
7824.998001	9.066553e-01	-2.921961e-04	-1.457303e+01
7849.998001	9.063878e-01	-2.445946e-04	-1.457281e+01
7874.998001	9.061278e-01	-1.427020e-04	-1.457265e+01
7899.998001	9.064493e-01	-3.181018e-04	-1.457280e+01
7924.998001	9.060511e-01	-1.923248e-04	-1.457253e+01
7949.998001	9.060741e-01	-1.351025e-04	-1.457261e+01
7974.998001	9.062734e-01	-2.525433e-04	-1.457269e+01
7999.998001	9.064147e-01	-3.045304e-04	-1.457278e+01
8024.998001	9.063104e-01	-1.992399e-04	-1.457278e+01
8049.998001	9.064247e-01	-2.361847e-04	-1.457286e+01
8074.998001	9.063462e-01	-1.532709e-04	-1.457286e+01
8099.998001	9.065089e-01	-2.594615e-04	-1.457292e+01
8124.998001	9.064301e-01	-2.658133e-04	-1.457283e+01
8149.998001	9.063719e-01	-2.256540e-04	-1.457281e+01
8174.998001	9.062467e-01	-2.225841e-04	-1.457269e+01
8199.998001	9.064882e-01	-3.123927e-04	-1.457284e+01
8224.998001	9.061700e-01	-2.340208e-04	-1.457260e+01
8249.998001	9.059869e-01	-6.408657e-05	-1.457259e+01
8274.998001	9.063177e-01	-2.691306e-04	-1.457272e+01
8299.998001	9.062375e-01	-1.172894e-04	-1.457279e+01
8324.998001	9.064221e-01	-2.390057e-04	-1.457285e+01
8349.998001	9.063109e-01	-9.950320e-05	-1.457288e+01
8374.998001	9.065975e-01	-3.279207e-04	-1.457294e+01
8399.998001	9.063774e-01	-2.378005e-04	-1.457281e+01
8424.998001	9.064021e-01	-3.191712e-04	-1.457275e+01
8449.998001	9.059835e-01	-1.798278e-04	-1.457247e+01
8474.998001	9.058858e-01	-1.405398e-04	-1.457241e+01
8499.998001	9.058999e-01	-2.016833e-04	-1.457236e+01
8524.998001	9.059581e-01	-2.018015e-04	-1.457242e+01
8549.998001	9.061096e-01	-2.625993e-04	-1.457251e+01
8574.998001	9.059582e-01	-2.307376e-04	-1.457239e+01
8599.998001	9.059348e-01	-1.964280e-04	-1.457240e+01
8624.998001	9.059593e-01	-1.439162e-04	-1.457248e+01
8649.998001	9.060939e-01	-2.107862e-04	-1.457255e+01
8674.998001	9.064128e-01	-3.735026e-04	-1.457271e+01
8699.998001	9.057379e-01	-6.945380e-05	-1.457233e+01
8724.998001	9.057865e-01	-1.524050e-04	-1.457230e+01
8749.998001	9.059358e-01	-2.425752e-04	-1.457236e+01
8774.998001	9.059995e-01	-2.404098e-04	-1.457243e+01
8799.998001	9.060047e-01	-2.121762e-04	-1.457246e+01
8824.998001	9.061573e-01	-2.587568e-04	-1.457257e+01
8849.998001	9.061252e-01	-1.889452e-04	-1.457260e+01
8874.998001	9.063421e-01	-2.864003e-04	-1.457272e+01
8899.998001	9.061429e-01	-1.155343e-04	-1.457269e+01
8924.998001	9.062921e-01	-2.067284e-04	-1.457275e+01
8949.998001	9.063918e-01	-3.141237e-04	-1.457274e+01
8974.998001	9.066931e-01	-3.404695e-04	-1.457302e+01
8999.998001	9.062121e-01	-1.758160e-04	-1.457270e+01
9024.998001	9.068840e-01	-3.992786e-04	-1.457315e+01
9049.998001	9.062586e-01	-2.690140e-04	-1.457266e+01
9074.998001	9.061366e-01	-1.049743e-04	-1.457270e+01
9099.998001	9.060615e-01	-2.128051e-04	-1.457252e+01
9124.998001	9.061055e-01	-1.982418e-04	-1.457257e+01
9149.998001	9.059249e-01	-1.696963e-04	-1.457242e+01
9174.998001	9.060250e-01	-1.681759e-04	-1.457252e+01
9199.998001	9.060984e-01	-2.043983e-04	-1.457256e+01
9224.998001	9.060900e-01	-1.720572e-04	-1.457258e+01
9249.998001	9.064355e-01	-3.338763e-04	-1.457277e+01
9274.998001	9.060113e-01	-1.759642e-04	-1.457250e+01
9299.998001	9.061565e-01	-2.343344e-04	-1.457259e+01
9324.998001	9.058942e-01	-1.478115e-04	-1.457241e+01
9349.998001	9.058233e-01	-8.117321e-05	-1.457241e+01
9374.998001	9.060962e-01	-2.445796e-04	-1.457252e+01
9399.998001	9.056963e-01	-1.230026e-04	-1.457224e+01
9424.998001	9.058843e-01	-2.288129e-04	-1.457232e+01
9449.998001	9.058767e-01	-1.157041e-04	-1.457243e+01
9474.998001	9.061360e-01	-2.022451e-04	-1.457260e+01
9499.998001	9.061729e-01	-1.992638e-04	-1.457264e+01
9524.998001	9.062560e-01	-2.067677e-04	-1.457272e+01
9549.998001	9.061710e-01	-2.612255e-04	-1.457258e+01
9574.998001	9.059847e-01	-9.556099e-05	-1.457256e+01
9599.998001	9.061044e-01	-2.203005e-04	-1.457255e+01
9624.998001	9.060431e-01	-1.949145e-04	-1.457251e+01
9649.998001	9.058678e-01	-1.544957e-04	-1.457238e+01
9674.998001	9.061770e-01	-2.819222e-04	-1.457256e+01
9699.998001	9.056245e-01	-1.702206e-04	-1.457212e+01
9724.998001	9.060795e-01	-3.124749e-04	-1.457243e+01
9749.998001	9.057926e-01	-2.067180e-04	-1.457225e+01
9774.998001	9.058367e-01	-2.048948e-04	-1.457230e+01
9799.998001	9.059083e-01	-2.184635e-04	-1.457236e+01
9824.998001	9.057334e-01	-1.399716e-04	-1.457226e+01
9849.998001	9.057946e-01	-2.052264e-04	-1.457226e+01
9874.998001	9.057762e-01	-2.084944e-04	-1.457223e+01
9899.998001	9.058353e-01	-2.499054e-04	-1.457225e+01
9924.998001	9.056253e-01	-1.924667e-04	-1.457210e+01
9949.998001	9.057166e-01	-2.162958e-04	-1.457217e+01
9974.998001	9.054930e-01	-1.608920e-04	-1.457200e+01
9999.998001	9.059284e-01	-2.561644e-04	-1.457234e+01
