24.998000	5.846760e-02	5.647995e-02	2.373007e-03	-5.620461e+00
49.998000	7.529432e-02	7.042138e-02	4.046342e-02	-7.307660e+00
74.998000	8.750957e-02	6.557720e-02	4.124292e-02	-1.130493e+01
99.998000	1.026043e-01	4.456540e-02	2.506300e-02	-1.369651e+01
124.998000	9.969153e-02	4.903584e-02	2.342626e-02	-1.603722e+01
149.998000	9.349639e-02	3.257202e-02	2.732107e-02	-1.652900e+01
174.998000	1.041756e-01	3.434592e-02	1.770429e-02	-1.672542e+01
199.998000	1.050102e-01	2.969529e-02	2.047009e-02	-1.729124e+01
224.998000	1.091388e-01	2.639386e-02	1.074287e-02	-1.745724e+01
249.998000	1.079562e-01	2.910186e-02	1.200892e-02	-1.805730e+01
274.998000	1.082787e-01	2.512805e-02	1.894848e-02	-1.953187e+01
299.998000	1.139593e-01	2.971797e-02	1.253070e-02	-2.075559e+01
324.998000	1.151391e-01	2.407004e-02	1.352682e-02	-2.167298e+01
349.998000	1.141944e-01	2.481179e-02	1.307453e-02	-2.329255e+01
374.998000	1.162604e-01	2.407979e-02	6.009091e-03	-2.368756e+01
399.998000	1.079236e-01	2.721224e-02	1.042790e-02	-2.473026e+01
424.998000	1.107343e-01	2.520450e-02	2.068097e-03	-2.452745e+01
449.998000	1.077080e-01	2.604311e-02	3.320792e-03	-2.450394e+01
474.998000	1.077300e-01	2.373671e-02	5.490392e-03	-2.436852e+01
499.998000	1.091081e-01	2.277026e-02	7.016554e-03	-2.430152e+01
524.998000	1.107321e-01	2.127651e-02	3.729607e-03	-2.431329e+01
549.998000	1.086804e-01	2.491157e-02	6.422705e-03	-2.485373e+01
574.998000	1.105559e-01	1.831902e-02	-3.554556e-03	-2.512690e+01
599.998000	1.075873e-01	2.148314e-02	-1.517212e-04	-2.565090e+01
624.998000	1.097841e-01	1.828050e-02	-3.475941e-04	-2.557230e+01
649.998000	1.087918e-01	1.822924e-02	6.543834e-04	-2.533166e+01
674.998000	1.106032e-01	1.486670e-02	1.389388e-03	-2.498787e+01
699.998000	1.086919e-01	1.619279e-02	3.337050e-03	-2.490376e+01
724.998000	1.093074e-01	1.785340e-02	2.574539e-03	-2.467986e+01
749.998000	1.101805e-01	1.173485e-02	4.937526e-03	-2.477048e+01
774.998000	1.078518e-01	1.571188e-02	5.266973e-03	-2.523298e+01
799.998000	1.097819e-01	1.353765e-02	4.980903e-03	-2.527356e+01
824.998000	1.084878e-01	1.336515e-02	5.413506e-03	-2.511140e+01
849.998000	1.073540e-01	1.642997e-02	2.644856e-03	-2.494835e+01
874.998000	1.079110e-01	1.570482e-02	3.366387e-03	-2.509927e+01
899.998000	1.088345e-01	1.643452e-02	4.045815e-03	-2.553417e+01
924.998000	1.107536e-01	1.628481e-02	3.330621e-03	-2.573395e+01
949.998000	1.129266e-01	1.521653e-02	4.049235e-03	-2.602563e+01
974.998000	1.135409e-01	1.520515e-02	4.404485e-03	-2.634434e+01
999.998000	1.140353e-01	1.574518e-02	3.733212e-03	-2.642695e+01
1024.998000	1.168839e-01	1.428800e-02	2.009203e-03	-2.633362e+01
1049.998000	1.164731e-01	1.371578e-02	3.363445e-03	-2.633088e+01
1074.998000	1.155986e-01	1.401176e-02	4.663278e-03	-2.626612e+01
1099.998000	1.150224e-01	1.543133e-02	3.287481e-03	-2.603207e+01
1124.998000	1.145807e-01	1.582738e-02	2.913364e-03	-2.581960e+01
1149.998000	1.143057e-01	1.415033e-02	3.972323e-03	-2.570661e+01
1174.998000	1.133068e-01	1.424880e-02	3.604231e-03	-2.565306e+01
1199.998000	1.128244e-01	1.504033e-02	3.483313e-03	-2.553552e+01
1224.998000	1.141822e-01	1.419615e-02	4.221758e-03	-2.536959e+01
1249.998000	1.138157e-01	1.484414e-02	3.598827e-03	-2.533256e+01
1274.998000	1.159135e-01	1.502873e-02	2.812527e-03	-2.535109e+01
1299.998000	1.141839e-01	1.472034e-02	2.457345e-03	-2.525722e+01
1324.998000	1.140182e-01	1.415700e-02	3.209054e-03	-2.507469e+01
1349.998000	1.142950e-01	1.423897e-02	3.110716e-03	-2.492402e+01
1374.998000	1.139861e-01	1.483077e-02	2.669496e-03	-2.484868e+01
1399.998000	1.137218e-01	1.548505e-02	3.514197e-03	-2.480042e+01
1424.998000	1.132202e-01	1.503402e-02	2.116057e-03	-2.478393e+01
1449.998000	1.133403e-01	1.473467e-02	2.775478e-03	-2.468984e+01
1474.998000	1.136400e-01	1.512528e-02	3.862026e-03	-2.477828e+01
1499.998000	1.145843e-01	1.485528e-02	2.884629e-03	-2.480769e+01
1524.998000	1.148857e-01	1.572399e-02	9.622614e-04	-2.473892e+01
1549.998000	1.130440e-01	1.629717e-02	2.074322e-03	-2.478724e+01
1574.998000	1.121312e-01	1.629045e-02	2.396223e-03	-2.506147e+01
1599.998000	1.120302e-01	1.483897e-02	2.798270e-03	-2.520238e+01
1624.998000	1.118850e-01	1.534176e-02	2.133743e-03	-2.512990e+01
1649.998000	1.110577e-01	1.584916e-02	2.105553e-03	-2.508301e+01
1674.998000	1.113279e-01	1.623978e-02	2.157701e-03	-2.495204e+01
1699.998000	1.123951e-01	1.653279e-02	2.152147e-03	-2.495470e+01
1724.998000	1.123111e-01	1.643177e-02	2.600532e-03	-2.487945e+01
1749.998000	1.126560e-01	1.637479e-02	9.977350e-04	-2.479090e+01
1774.998000	1.118683e-01	1.683866e-02	6.854182e-04	-2.478945e+01
1799.998000	1.121223e-01	1.709049e-02	1.574790e-03	-2.495184e+01
1824.998000	1.126068e-01	1.597189e-02	1.739588e-03	-2.510529e+01
1849.998000	1.122662e-01	1.696416e-02	2.067803e-03	-2.523076e+01
1874.998000	1.120167e-01	1.687433e-02	1.920710e-03	-2.531823e+01
1899.998000	1.118977e-01	1.637404e-02	1.409221e-03	-2.522724e+01
1924.998000	1.122504e-01	1.673282e-02	1.829755e-03	-2.514209e+01
1949.998000	1.128489e-01	1.665928e-02	9.518138e-04	-2.510675e+01
1974.998000	1.128777e-01	1.605101e-02	1.126359e-03	-2.507747e+01
1999.998000	1.125141e-01	1.631047e-02	1.751886e-03	-2.511052e+01
2024.998000	1.125119e-01	1.633656e-02	2.095348e-03	-2.509661e+01
2049.998000	1.130788e-01	1.592591e-02	2.158146e-03	-2.500928e+01
2074.998000	1.131190e-01	1.644272e-02	2.076274e-03	-2.503524e+01
2099.998000	1.141401e-01	1.792997e-02	2.333712e-03	-2.506514e+01
2124.998000	1.143605e-01	1.697657e-02	1.677482e-03	-2.499255e+01
2149.998000	1.138857e-01	1.684134e-02	1.465842e-03	-2.497097e+01
2174.998000	1.131724e-01	1.709467e-02	1.913681e-04	-2.490545e+01
2199.998000	1.126653e-01	1.749394e-02	7.550345e-04	-2.493326e+01
2224.998000	1.136690e-01	1.753065e-02	7.537104e-04	-2.504409e+01
2249.998000	1.142590e-01	1.734168e-02	8.632020e-04	-2.520749e+01
2274.998000	1.141472e-01	1.681119e-02	9.413857e-04	-2.527294e+01
2299.998000	1.146265e-01	1.703908e-02	1.092432e-03	-2.528701e+01
2324.998000	1.142898e-01	1.647318e-02	1.243518e-03	-2.529983e+01
2349.998000	1.148132e-01	1.560050e-02	2.370047e-04	-2.521759e+01
2374.998000	1.133441e-01	1.616393e-02	9.380163e-06	-2.515689e+01
2399.998000	1.130591e-01	1.587158e-02	8.465328e-04	-2.510062e+01
2424.998000	1.128412e-01	1.627977e-02	9.622360e-04	-2.512283e+01
2449.998000	1.126659e-01	1.635620e-02	1.095774e-03	-2.515909e+01
2474.998000	1.125487e-01	1.578414e-02	1.179731e-03	-2.505217e+01
2499.998000	1.126216e-01	1.592467e-02	1.480039e-03	-2.497421e+01
2524.998000	1.117341e-01	1.642607e-02	6.711872e-04	-2.492854e+01
2549.998000	1.114189e-01	1.683473e-02	5.942441e-04	-2.489315e+01
2574.998000	1.102144e-01	1.705749e-02	1.392217e-03	-2.481610e+01
2599.998000	1.096877e-01	1.759465e-02	1.798776e-03	-2.477941e+01
2624.998000	1.099457e-01	1.764356e-02	1.529164e-03	-2.470413e+01
2649.998000	1.098686e-01	1.689840e-02	1.728517e-03	-2.462539e+01
2674.998000	1.094379e-01	1.730340e-02	1.936319e-03	-2.456395e+01
2699.998000	1.087966e-01	1.737918e-02	6.181472e-04	-2.449425e+01
2724.998000	1.086005e-01	1.710610e-02	-2.051861e-03	-2.443134e+01
2749.998000	1.073322e-01	1.638635e-02	-7.608071e-04	-2.436966e+01
2774.998000	1.065479e-01	1.702031e-02	-3.342654e-04	-2.436436e+01
2799.998000	1.064066e-01	1.655545e-02	-1.919107e-04	-2.433561e+01
2824.998000	1.058622e-01	1.704541e-02	-4.868405e-04	-2.429823e+01
2849.998000	1.062569e-01	1.610687e-02	-1.247453e-04	-2.423134e+01
2874.998000	1.063101e-01	1.671483e-02	-2.218231e-04	-2.424506e+01
2899.998000	1.069813e-01	1.693198e-02	-1.133825e-05	-2.436103e+01
2924.998000	1.077449e-01	1.647412e-02	3.635734e-04	-2.451052e+01
2949.998000	1.080009e-01	1.701066e-02	7.198848e-04	-2.462910e+01
2974.998000	1.075118e-01	1.633181e-02	7.068383e-04	-2.464163e+01
2999.998000	1.069707e-01	1.629797e-02	1.137627e-03	-2.461915e+01
3024.998000	1.068901e-01	1.658344e-02	1.212713e-03	-2.457551e+01
3049.998000	1.072419e-01	1.642931e-02	3.008271e-04	-2.451590e+01
3074.998000	1.068422e-01	1.723031e-02	7.201044e-04	-2.451274e+01
3099.998000	1.066398e-01	1.752904e-02	1.026291e-03	-2.454370e+01
3124.998000	1.066778e-01	1.715503e-02	1.218164e-03	-2.458998e+01
3149.998000	1.064832e-01	1.663666e-02	1.132989e-03	-2.455092e+01
3174.998000	1.069282e-01	1.718956e-02	1.140224e-03	-2.456605e+01
3199.998000	1.073134e-01	1.697584e-02	1.341854e-03	-2.456457e+01
3224.998000	1.079165e-01	1.734973e-02	1.351432e-03	-2.462795e+01
3249.998000	1.075901e-01	1.697345e-02	7.534451e-04	-2.456467e+01
3274.998000	1.064981e-01	1.581859e-02	8.450880e-04	-2.451715e+01
3299.998000	1.063130e-01	1.636366e-02	9.915968e-04	-2.448326e+01
3324.998000	1.064498e-01	1.622346e-02	8.450836e-04	-2.445934e+01
3349.998000	1.063271e-01	1.650425e-02	1.142822e-03	-2.447139e+01
3374.998000	1.060838e-01	1.623882e-02	7.013717e-04	-2.451976e+01
3399.998000	1.057599e-01	1.613373e-02	9.784498e-04	-2.451360e+01
3424.998000	1.058875e-01	1.653322e-02	8.894098e-04	-2.449601e+01
3449.998000	1.057788e-01	1.670283e-02	5.528061e-04	-2.451455e+01
3474.998000	1.061023e-01	1.654259e-02	1.247910e-03	-2.449779e+01
3499.998000	1.061267e-01	1.643460e-02	7.479433e-04	-2.450914e+01
3524.998000	1.056403e-01	1.621140e-02	8.856742e-04	-2.445254e+01
3549.998000	1.052113e-01	1.673871e-02	1.292019e-03	-2.441373e+01
3574.998000	1.052930e-01	1.658592e-02	9.041248e-04	-2.435951e+01
3599.998000	1.053506e-01	1.655543e-02	9.154459e-04	-2.430263e+01
3624.998000	1.045410e-01	1.661695e-02	1.270905e-03	-2.425545e+01
3649.998000	1.047601e-01	1.612477e-02	8.782672e-04	-2.423702e+01
3674.998000	1.036215e-01	1.677496e-02	4.744506e-04	-2.417092e+01
3699.998000	1.034700e-01	1.671093e-02	5.236395e-04	-2.415916e+01
3724.998000	1.038562e-01	1.710460e-02	9.309769e-04	-2.420142e+01
3749.998000	1.039266e-01	1.632160e-02	8.471342e-04	-2.417513e+01
3774.998000	1.042931e-01	1.659705e-02	9.019466e-04	-2.419099e+01
3799.998000	1.046025e-01	1.678085e-02	1.077550e-03	-2.422356e+01
3824.998000	1.040714e-01	1.654729e-02	2.696875e-04	-2.432816e+01
3849.998000	1.042362e-01	1.618581e-02	5.797717e-04	-2.435407e+01
3874.998000	1.040665e-01	1.635074e-02	7.156817e-04	-2.435535e+01
3899.998000	1.043577e-01	1.638386e-02	8.228566e-04	-2.432281e+01
3924.998000	1.044125e-01	1.623263e-02	4.961376e-04	-2.430494e+01
3949.998000	1.045087e-01	1.654008e-02	8.859318e-04	-2.426872e+01
3974.998000	1.043424e-01	1.624852e-02	1.168224e-03	-2.425117e+01
3999.998000	1.046795e-01	1.609387e-02	1.124546e-03	-2.421765e+01
4024.998000	1.048953e-01	1.634269e-02	2.143260e-04	-2.420140e+01
4049.998000	1.044296e-01	1.656498e-02	7.140811e-04	-2.420597e+01
4074.998000	1.047407e-01	1.620634e-02	9.607339e-04	-2.419414e+01
4099.998000	1.051170e-01	1.599429e-02	3.444807e-04	-2.416898e+01
4124.998000	1.048604e-01	1.646752e-02	7.767552e-04	-2.417457e+01
4149.998000	1.050074e-01	1.609199e-02	8.581537e-04	-2.414114e+01
4174.998000	1.046499e-01	1.575294e-02	9.532732e-04	-2.411201e+01
4199.998000	1.049220e-01	1.585717e-02	1.165159e-03	-2.406926e+01
4224.998000	1.044031e-01	1.620343e-02	2.539385e-04	-2.401984e+01
4249.998000	1.041730e-01	1.627603e-02	6.875370e-04	-2.400092e+01
4274.998000	1.041071e-01	1.635997e-02	1.147782e-03	-2.397471e+01
4299.998000	1.039024e-01	1.660200e-02	6.253120e-04	-2.397458e+01
4324.998000	1.035291e-01	1.663293e-02	8.618335e-04	-2.392457e+01
4349.998000	1.033883e-01	1.702037e-02	9.894749e-04	-2.390790e+01
4374.998000	1.029306e-01	1.710821e-02	6.017489e-04	-2.387197e+01
4399.998000	1.029898e-01	1.706078e-02	8.063587e-04	-2.384377e+01
4424.998000	1.028919e-01	1.717004e-02	9.166837e-04	-2.386329e+01
4449.998000	1.030590e-01	1.755974e-02	6.188011e-04	-2.392216e+01
4474.998000	1.026014e-01	1.742153e-02	1.289136e-03	-2.388175e+01
4499.998000	1.029872e-01	1.741703e-02	1.238975e-03	-2.385617e+01
4524.998000	1.026596e-01	1.783212e-02	4.556455e-04	-2.386063e+01
4549.998000	1.026398e-01	1.749631e-02	4.151523e-04	-2.382912e+01
4574.998000	1.027833e-01	1.750961e-02	6.930106e-04	-2.380730e+01
4599.998000	1.023280e-01	1.753265e-02	5.745865e-04	-2.377867e+01
4624.998000	1.025482e-01	1.748650e-02	9.547823e-04	-2.377530e+01
4649.998000	1.027491e-01	1.732690e-02	9.316743e-04	-2.380493e+01
4674.998000	1.027855e-01	1.740447e-02	9.804172e-04	-2.381584e+01
4699.998000	1.032283e-01	1.743189e-02	1.347174e-03	-2.386928e+01
4724.998000	1.037076e-01	1.741088e-02	9.123738e-04	-2.385043e+01
4749.998000	1.036019e-01	1.724372e-02	8.698113e-04	-2.383093e+01
4774.998000	1.034814e-01	1.801695e-02	1.082851e-03	-2.380093e+01
4799.998000	1.028817e-01	1.818479e-02	1.125149e-03	-2.380528e+01
4824.998000	1.029848e-01	1.850105e-02	6.872597e-04	-2.378308e+01
4849.998000	1.029256e-01	1.858734e-02	7.241041e-04	-2.380477e+01
4874.998000	1.028610e-01	1.875239e-02	8.478068e-04	-2.386803e+01
4899.998000	1.028202e-01	1.925264e-02	6.558952e-04	-2.394811e+01
4924.998000	1.030499e-01	1.913186e-02	7.288148e-04	-2.393513e+01
4949.998000	1.033965e-01	1.916792e-02	8.854751e-04	-2.395958e+01
4974.998000	1.033356e-01	1.904811e-02	9.901461e-04	-2.395342e+01
4999.998000	1.035805e-01	1.914735e-02	6.478260e-04	-2.392953e+01
5024.998000	1.038026e-01	1.918825e-02	7.661491e-04	-2.392182e+01
5049.998000	1.039672e-01	1.927568e-02	8.185077e-04	-2.390699e+01
5074.998000	1.037915e-01	1.931893e-02	6.489897e-04	-2.387730e+01
5099.998000	1.033675e-01	1.982714e-02	8.516416e-04	-2.386998e+01
5124.998000	1.035163e-01	1.978427e-02	7.596195e-04	-2.390892e+01
5149.998000	1.033452e-01	2.017313e-02	7.937211e-04	-2.397194e+01
5174.998000	1.031481e-01	2.020657e-02	6.928257e-04	-2.393785e+01
5199.998000	1.031220e-01	2.025044e-02	7.456272e-04	-2.390024e+01
5224.998000	1.029494e-01	2.066625e-02	8.902339e-04	-2.390320e+01
5249.998000	1.033044e-01	2.046706e-02	9.443510e-04	-2.390545e+01
5274.998000	1.036299e-01	2.070300e-02	6.366150e-04	-2.389770e+01
5299.998000	1.033461e-01	2.045338e-02	2.507728e-04	-2.385619e+01
5324.998000	1.027886e-01	2.028395e-02	4.655341e-04	-2.384243e+01
5349.998000	1.026453e-01	2.044621e-02	7.222833e-04	-2.381083e+01
5374.998000	1.029270e-01	2.024903e-02	8.493099e-04	-2.379156e+01
5399.998000	1.027271e-01	2.037898e-02	7.000848e-04	-2.375834e+01
5424.998000	1.025248e-01	2.068759e-02	4.365904e-04	-2.372547e+01
5449.998000	1.025498e-01	2.086142e-02	8.874581e-04	-2.370078e+01
5474.998000	1.023628e-01	2.050608e-02	8.813921e-04	-2.367364e+01
5499.998000	1.022785e-01	2.066595e-02	6.981278e-04	-2.363495e+01
5524.998000	1.026026e-01	2.051203e-02	6.659030e-04	-2.361781e+01
5549.998000	1.027493e-01	2.046850e-02	7.535625e-04	-2.359402e+01
5574.998000	1.028902e-01	2.069761e-02	8.145119e-04	-2.362146e+01
5599.998000	1.029592e-01	2.042321e-02	6.584491e-04	-2.366261e+01
5624.998000	1.029181e-01	2.036570e-02	8.027644e-04	-2.363951e+01
5649.998000	1.031473e-01	2.029778e-02	7.676458e-04	-2.361293e+01
5674.998000	1.034852e-01	2.035400e-02	9.270185e-04	-2.359511e+01
5699.998000	1.031151e-01	2.042974e-02	7.332190e-04	-2.357550e+01
5724.998000	1.031737e-01	2.050520e-02	1.995432e-04	-2.355974e+01
5749.998000	1.024589e-01	2.082638e-02	5.085271e-04	-2.352208e+01
5774.998000	1.028910e-01	2.084543e-02	7.077631e-04	-2.352757e+01
5799.998000	1.021207e-01	2.119628e-02	6.006808e-04	-2.353152e+01
5824.998000	1.021676e-01	2.108104e-02	6.077004e-04	-2.349636e+01
5849.998000	1.023582e-01	2.099713e-02	8.078503e-04	-2.348182e+01
5874.998000	1.027505e-01	2.123759e-02	7.681314e-04	-2.350706e+01
5899.998000	1.026065e-01	2.117909e-02	6.531342e-04	-2.353058e+01
5924.998000	1.026870e-01	2.107570e-02	7.282607e-04	-2.352946e+01
5949.998000	1.026074e-01	2.120400e-02	4.465450e-04	-2.351154e+01
5974.998000	1.021296e-01	2.032709e-02	-9.553047e-05	-2.349569e+01
5999.998000	1.019776e-01	2.054041e-02	6.032666e-05	-2.346960e+01
6024.998000	1.024759e-01	2.072729e-02	2.134099e-04	-2.347914e+01
6049.998000	1.023106e-01	2.064640e-02	3.125244e-04	-2.350609e+01
6074.998000	1.027392e-01	2.041646e-02	2.391883e-04	-2.352856e+01
6099.998000	1.029371e-01	2.031340e-02	3.627542e-04	-2.354532e+01
6124.998000	1.027568e-01	2.029820e-02	5.018387e-04	-2.359680e+01
6149.998000	1.031124e-01	2.022359e-02	3.634474e-04	-2.364187e+01
6174.998000	1.031201e-01	2.003515e-02	6.048388e-04	-2.363228e+01
6199.998000	1.031851e-01	1.996598e-02	5.222850e-04	-2.362127e+01
6224.998000	1.028702e-01	2.037018e-02	6.390078e-04	-2.365820e+01
6249.998000	1.026540e-01	2.049582e-02	3.722619e-04	-2.371876e+01
6274.998000	1.022365e-01	2.032685e-02	7.951115e-04	-2.368677e+01
6299.998000	1.024093e-01	2.026389e-02	8.866630e-04	-2.367618e+01
6324.998000	1.023694e-01	2.050768e-02	6.172612e-04	-2.366994e+01
6349.998000	1.024355e-01	2.049142e-02	4.911198e-04	-2.367193e+01
6374.998000	1.024395e-01	2.058118e-02	4.902150e-04	-2.365866e+01
6399.998000	1.025255e-01	2.043817e-02	3.748125e-04	-2.362155e+01
6424.998000	1.026843e-01	2.044219e-02	4.623581e-04	-2.361141e+01
6449.998000	1.024011e-01	2.049332e-02	4.677942e-04	-2.359349e+01
6474.998000	1.025120e-01	2.053671e-02	5.050861e-04	-2.357282e+01
6499.998000	1.023482e-01	2.058441e-02	2.129788e-04	-2.357028e+01
6524.998000	1.019612e-01	2.027343e-02	5.651409e-04	-2.356211e+01
6549.998000	1.019831e-01	2.015128e-02	7.660719e-04	-2.360256e+01
6574.998000	1.021997e-01	2.026549e-02	1.266984e-04	-2.364036e+01
6599.998000	1.021755e-01	2.028291e-02	3.043948e-04	-2.365228e+01
6624.998000	1.022956e-01	2.025331e-02	3.911425e-04	-2.367968e+01
6649.998000	1.022969e-01	2.019645e-02	4.800729e-04	-2.368013e+01
6674.998000	1.024041e-01	2.015000e-02	4.853101e-04	-2.365538e+01
6699.998000	1.024960e-01	2.008800e-02	5.813230e-04	-2.363274e+01
6724.998000	1.024298e-01	2.021550e-02	5.676159e-04	-2.363126e+01
6749.998000	1.026331e-01	2.022400e-02	6.027012e-04	-2.363803e+01
6774.998000	1.026649e-01	2.015553e-02	7.654486e-04	-2.365617e+01
6799.998000	1.025567e-01	2.036370e-02	6.461023e-04	-2.367892e+01
6824.998000	1.024938e-01	2.029609e-02	4.758016e-04	-2.367374e+01
6849.998000	1.025308e-01	2.034789e-02	4.237092e-04	-2.368686e+01
6874.998000	1.023920e-01	2.039995e-02	4.089488e-04	-2.373376e+01
6899.998000	1.027577e-01	2.059539e-02	4.799611e-04	-2.379093e+01
6924.998000	1.024032e-01	2.025904e-02	5.937432e-04	-2.378968e+01
6949.998000	1.025024e-01	2.034218e-02	5.408416e-04	-2.378265e+01
6974.998001	1.025795e-01	2.026254e-02	5.115024e-04	-2.377128e+01
6999.998001	1.023151e-01	2.049540e-02	6.711348e-04	-2.378451e+01
7024.998001	1.021847e-01	2.075545e-02	4.550662e-04	-2.377296e+01
7049.998001	1.017855e-01	2.071195e-02	4.745239e-04	-2.379694e+01
7074.998001	1.018797e-01	2.088146e-02	4.693332e-04	-2.384576e+01
7099.998001	1.020131e-01	2.081563e-02	4.817527e-04	-2.384736e+01
7124.998001	1.020173e-01	2.081623e-02	4.727015e-04	-2.387723e+01
7149.998001	1.023373e-01	2.099816e-02	6.234959e-04	-2.391657e+01
7174.998001	1.021127e-01	2.071517e-02	4.703074e-04	-2.391361e+01
7199.998001	1.019807e-01	2.084409e-02	5.225533e-04	-2.388335e+01
7224.998001	1.019406e-01	2.078827e-02	6.690525e-04	-2.388612e+01
7249.998001	1.018259e-01	2.077061e-02	3.934128e-04	-2.386462e+01
7274.998001	1.016193e-01	2.022702e-02	5.827330e-04	-2.385532e+01
7299.998001	1.018097e-01	2.001478e-02	2.830398e-04	-2.388489e+01
7324.998001	1.016951e-01	2.018070e-02	4.616596e-04	-2.388976e+01
7349.998001	1.015872e-01	2.015251e-02	6.216659e-04	-2.387754e+01
7374.998001	1.020149e-01	2.014739e-02	5.109036e-04	-2.386437e+01
7399.998001	1.020805e-01	1.991518e-02	2.462908e-04	-2.385112e+01
7424.998001	1.018714e-01	1.987938e-02	4.898053e-04	-2.384128e+01
7449.998001	1.015524e-01	2.001327e-02	5.948420e-04	-2.381799e+01
7474.998001	1.018717e-01	1.999675e-02	5.006700e-04	-2.381493e+01
7499.998001	1.019898e-01	1.971725e-02	4.881289e-04	-2.382841e+01
7524.998001	1.020269e-01	1.979964e-02	6.512940e-04	-2.381185e+01
7549.998001	1.018486e-01	1.977296e-02	4.771826e-04	-2.378586e+01
7574.998001	1.018044e-01	1.961911e-02	4.884277e-04	-2.375946e+01
7599.998001	1.020158e-01	1.965831e-02	1.600917e-04	-2.374575e+01
7624.998001	1.020465e-01	1.995262e-02	3.928787e-04	-2.374964e+01
7649.998001	1.020600e-01	1.984798e-02	4.207385e-04	-2.376388e+01
7674.998001	1.020675e-01	1.974833e-02	-3.077271e-04	-2.378550e+01
7699.998001	1.019081e-01	1.981119e-02	-3.059587e-04	-2.377949e+01
7724.998001	1.019971e-01	1.965097e-02	-1.142789e-04	-2.375878e+01
7749.998001	1.020678e-01	1.970078e-02	2.944056e-05	-2.375867e+01
7774.998001	1.021793e-01	1.962191e-02	-8.997275e-05	-2.375697e+01
7799.998001	1.022301e-01	1.939559e-02	1.046272e-04	-2.374057e+01
7824.998001	1.022531e-01	1.940476e-02	1.766976e-04	-2.373895e+01
7849.998001	1.021521e-01	1.929873e-02	1.741742e-04	-2.373423e+01
7874.998001	1.018722e-01	1.909234e-02	-9.119949e-06	-2.372112e+01
7899.998001	1.019962e-01	1.902784e-02	7.127004e-05	-2.370649e+01
7924.998001	1.018989e-01	1.926961e-02	9.652125e-05	-2.371359e+01
7949.998001	1.021162e-01	1.912998e-02	1.615894e-04	-2.370094e+01
7974.998001	1.022119e-01	1.904899e-02	2.592633e-04	-2.369809e+01
7999.998001	1.022120e-01	1.893228e-02	2.059773e-04	-2.368911e+01
8024.998001	1.021945e-01	1.885603e-02	3.352555e-04	-2.366312e+01
8049.998001	1.021945e-01	1.885424e-02	4.405328e-04	-2.365640e+01
8074.998001	1.021866e-01	1.882418e-02	3.315040e-04	-2.363971e+01
8099.998001	1.022002e-01	1.901652e-02	5.640395e-04	-2.363242e+01
8124.998001	1.024484e-01	1.901601e-02	3.918487e-04	-2.363308e+01
8149.998001	1.025896e-01	1.899879e-02	3.820179e-04	-2.364537e+01
8174.998001	1.026088e-01	1.886179e-02	5.085786e-04	-2.367466e+01
8199.998001	1.027868e-01	1.887615e-02	5.990860e-04	-2.370498e+01
8224.998001	1.027591e-01	1.894613e-02	3.143440e-04	-2.371410e+01
8249.998001	1.028783e-01	1.884470e-02	3.894472e-04	-2.370180e+01
8274.998001	1.027593e-01	1.912308e-02	3.424930e-04	-2.370511e+01
8299.998001	1.029889e-01	1.916595e-02	4.036077e-04	-2.370215e+01
8324.998001	1.028633e-01	1.903041e-02	5.218537e-04	-2.372223e+01
8349.998001	1.032195e-01	1.894730e-02	5.923764e-04	-2.375997e+01
8374.998001	1.033279e-01	1.890349e-02	6.229179e-04	-2.377984e+01
8399.998001	1.033964e-01	1.893196e-02	6.571269e-04	-2.380221e+01
8424.998001	1.035325e-01	1.897184e-02	5.180788e-04	-2.378524e+01
8449.998001	1.034460e-01	1.910989e-02	4.760459e-04	-2.378349e+01
8474.998001	1.032751e-01	1.931610e-02	4.295459e-04	-2.376731e+01
8499.998001	1.032995e-01	1.931977e-02	4.145878e-04	-2.374861e+01
8524.998001	1.033460e-01	1.946243e-02	4.950221e-04	-2.373504e+01
8549.998001	1.033652e-01	1.939710e-02	4.224409e-04	-2.372457e+01
8574.998001	1.034082e-01	1.950554e-02	4.406704e-04	-2.370215e+01
8599.998001	1.034342e-01	1.939091e-02	3.843589e-04	-2.369551e+01
8624.998001	1.035638e-01	1.941592e-02	4.195845e-04	-2.372150e+01
8649.998001	1.035073e-01	1.956241e-02	5.397235e-04	-2.376624e+01
8674.998001	1.036173e-01	1.960339e-02	3.970758e-04	-2.377817e+01
8699.998001	1.033806e-01	1.951120e-02	4.981785e-04	-2.379816e+01
8724.998001	1.034495e-01	1.955247e-02	5.820052e-04	-2.384460e+01
8749.998001	1.036424e-01	1.957505e-02	3.853284e-04	-2.383329e+01
8774.998001	1.036632e-01	1.944290e-02	5.654171e-04	-2.383170e+01
8799.998001	1.035277e-01	1.959667e-02	4.988220e-04	-2.382759e+01
8824.998001	1.033717e-01	1.979703e-02	5.303925e-04	-2.385923e+01
8849.998001	1.034479e-01	1.984965e-02	4.258971e-04	-2.387299e+01
8874.998001	1.034175e-01	1.983014e-02	5.043650e-04	-2.389841e+01
8899.998001	1.034004e-01	1.985883e-02	6.200225e-04	-2.394753e+01
8924.998001	1.034893e-01	1.997278e-02	4.852915e-04	-2.393809e+01
8949.998001	1.034949e-01	1.995155e-02	4.825181e-04	-2.393595e+01
8974.998001	1.034181e-01	1.991399e-02	4.792311e-04	-2.391691e+01
8999.998001	1.034581e-01	2.005000e-02	1.697122e-04	-2.389347e+01
9024.998001	1.033809e-01	1.997791e-02	3.061961e-04	-2.388532e+01
9049.998001	1.033546e-01	2.011827e-02	4.348159e-04	-2.389203e+01
9074.998001	1.032856e-01	2.002926e-02	5.654846e-04	-2.392706e+01
9099.998001	1.034415e-01	1.969134e-02	4.407317e-04	-2.392533e+01
9124.998001	1.035061e-01	1.990655e-02	5.563472e-04	-2.391083e+01
9149.998001	1.034890e-01	1.990058e-02	3.605702e-04	-2.389245e+01
9174.998001	1.034795e-01	2.001907e-02	3.740579e-04	-2.390092e+01
9199.998001	1.034622e-01	2.005655e-02	4.249332e-04	-2.392664e+01
9224.998001	1.034853e-01	2.010605e-02	3.756167e-04	-2.394301e+01
9249.998001	1.034953e-01	2.012008e-02	3.816895e-04	-2.395914e+01
9274.998001	1.034591e-01	2.001886e-02	4.339535e-04	-2.393389e+01
9299.998001	1.034595e-01	2.015827e-02	4.421870e-04	-2.391847e+01
9324.998001	1.035398e-01	2.015895e-02	5.871871e-04	-2.391740e+01
9349.998001	1.036588e-01	2.028468e-02	5.280147e-04	-2.392154e+01
9374.998001	1.038835e-01	2.024455e-02	4.740700e-04	-2.392848e+01
9399.998001	1.039570e-01	2.026361e-02	4.685231e-04	-2.393641e+01
9424.998001	1.040169e-01	2.018239e-02	5.388210e-04	-2.393474e+01
9449.998001	1.041944e-01	2.029628e-02	4.283965e-04	-2.393583e+01
9474.998001	1.042824e-01	2.029655e-02	4.147251e-04	-2.393554e+01
9499.998001	1.042880e-01	2.032949e-02	4.660060e-04	-2.396155e+01
9524.998001	1.042694e-01	2.042017e-02	3.013759e-04	-2.397734e+01
9549.998001	1.042613e-01	2.048317e-02	4.008943e-04	-2.395638e+01
9574.998001	1.044728e-01	2.036813e-02	1.585263e-04	-2.394967e+01
9599.998001	1.043069e-01	2.064653e-02	3.234643e-04	-2.395671e+01
9624.998001	1.041371e-01	2.066072e-02	1.326905e-04	-2.394334e+01
9649.998001	1.041882e-01	2.041765e-02	2.852965e-04	-2.392054e+01
9674.998001	1.041903e-01	2.055473e-02	2.989056e-04	-2.391899e+01
9699.998001	1.042698e-01	2.050574e-02	3.501466e-04	-2.394241e+01
9724.998001	1.042411e-01	2.037029e-02	4.856684e-04	-2.396430e+01
9749.998001	1.042749e-01	2.049399e-02	3.040229e-04	-2.395691e+01
9774.998001	1.043224e-01	2.044172e-02	3.841375e-04	-2.395794e+01
9799.998001	1.043768e-01	2.047652e-02	4.268655e-04	-2.395121e+01
9824.998001	1.044836e-01	2.057372e-02	3.615947e-04	-2.393847e+01
9849.998001	1.046378e-01	2.044026e-02	4.634317e-04	-2.394120e+01
9874.998001	1.047394e-01	2.052308e-02	5.003768e-04	-2.396374e+01
9899.998001	1.047247e-01	2.039424e-02	2.784617e-04	-2.395111e+01
9924.998001	1.046646e-01	2.038974e-02	3.645454e-04	-2.392909e+01
9949.998001	1.047467e-01	2.059992e-02	4.843437e-04	-2.392924e+01
9974.998001	1.047864e-01	2.045227e-02	2.300833e-04	-2.392768e+01
9999.998001	1.047666e-01	2.041041e-02	3.879397e-04	-2.392591e+01
