0.000000,2.000000
 0.010000,2.000000
 0.020000,1.999800
 0.030000,1.999400
 0.040000,1.998800
 0.050000,1.998000
 0.060000,1.997000
 0.070000,1.995801
 0.080000,1.994401
 0.090000,1.992803
 0.100000,1.991004
 0.110000,1.989007
 0.120000,1.986810
 0.130000,1.984414
 0.140000,1.981820
 0.150000,1.979027
 0.160000,1.976036
 0.170000,1.972848
 0.180000,1.969461
 0.190000,1.965877
 0.200000,1.962097
 0.210000,1.958120
 0.220000,1.953946
 0.230000,1.949577
 0.240000,1.945012
 0.250000,1.940253
 0.260000,1.935299
 0.270000,1.930150
 0.280000,1.924809
 0.290000,1.919274
 0.300000,1.913547
 0.310000,1.907628
 0.320000,1.901517
 0.330000,1.895216
 0.340000,1.888725
 0.350000,1.882044
 0.360000,1.875174
 0.370000,1.868116
 0.380000,1.860871
 0.390000,1.853439
 0.400000,1.845820
 0.410000,1.838016
 0.420000,1.830028
 0.430000,1.821856
 0.440000,1.813501
 0.450000,1.804964
 0.460000,1.796245
 0.470000,1.787346
 0.480000,1.778267
 0.490000,1.769010
 0.500000,1.759574
 0.510000,1.749962
 0.520000,1.740174
 0.530000,1.730211
 0.540000,1.720074
 0.550000,1.709763
 0.560000,1.699281
 0.570000,1.688628
 0.580000,1.677805
 0.590000,1.666813
 0.600000,1.655653
 0.610000,1.644327
 0.620000,1.632835
 0.630000,1.621178
 0.640000,1.609358
 0.650000,1.597377
 0.660000,1.585234
 0.670000,1.572931
 0.680000,1.560470
 0.690000,1.547852
 0.700000,1.535078
 0.710000,1.522148
 0.720000,1.509066
 0.730000,1.495831
 0.740000,1.482445
 0.750000,1.468910
 0.760000,1.455226
 0.770000,1.441395
 0.780000,1.427419
 0.790000,1.413299
 0.800000,1.399036
 0.810000,1.384632
 0.820000,1.370088
 0.830000,1.355405
 0.840000,1.340586
 0.850000,1.325631
 0.860000,1.310541
 0.870000,1.295320
 0.880000,1.279967
 0.890000,1.264484
 0.900000,1.248874
 0.910000,1.233137
 0.920000,1.217275
 0.930000,1.201290
 0.940000,1.185184
 0.950000,1.168957
 0.960000,1.152611
 0.970000,1.136149
 0.980000,1.119572
 0.990000,1.102880
 1.000000,1.086077
 1.010000,1.069164
 1.020000,1.052142
 1.030000,1.035013
 1.040000,1.017779
 1.050000,1.000441
 1.060000,0.983002
 1.070000,0.965462
 1.080000,0.947824
 1.090000,0.930090
 1.100000,0.912261
 1.110000,0.894339
 1.120000,0.876326
 1.130000,0.858223
 1.140000,0.840032
 1.150000,0.821756
 1.160000,0.803396
 1.170000,0.784954
 1.180000,0.766431
 1.190000,0.747830
 1.200000,0.729152
 1.210000,0.710399
 1.220000,0.691573
 1.230000,0.672677
 1.240000,0.653711
 1.250000,0.634678
 1.260000,0.615580
 1.270000,0.596418
 1.280000,0.577194
 1.290000,0.557911
 1.300000,0.538570
 1.310000,0.519174
 1.320000,0.499723
 1.330000,0.480221
 1.340000,0.460669
 1.350000,0.441068
 1.360000,0.421422
 1.370000,0.401731
 1.380000,0.381999
 1.390000,0.362226
 1.400000,0.342415
 1.410000,0.322567
 1.420000,0.302686
 1.430000,0.282772
 1.440000,0.262828
 1.450000,0.242856
 1.460000,0.222857
 1.470000,0.202834
 1.480000,0.182789
 1.490000,0.162724
 1.500000,0.142640
 1.510000,0.122540
 1.520000,0.102426
 1.530000,0.082299
 1.540000,0.062162
 1.550000,0.042017
 1.560000,0.021866
 1.570000,0.001711
 1.580000,-0.018447
 1.590000,-0.038605
 1.600000,-0.058761
 1.610000,-0.078913
 1.620000,-0.099059
 1.630000,-0.119197
 1.640000,-0.139326
 1.650000,-0.159442
 1.660000,-0.179545
 1.670000,-0.199631
 1.680000,-0.219700
 1.690000,-0.239749
 1.700000,-0.259775
 1.710000,-0.279778
 1.720000,-0.299755
 1.730000,-0.319704
 1.740000,-0.339622
 1.750000,-0.359509
 1.760000,-0.379362
 1.770000,-0.399179
 1.780000,-0.418958
 1.790000,-0.438697
 1.800000,-0.458394
 1.810000,-0.478047
 1.820000,-0.497655
 1.830000,-0.517215
 1.840000,-0.536724
 1.850000,-0.556183
 1.860000,-0.575587
 1.870000,-0.594936
 1.880000,-0.614227
 1.890000,-0.633459
 1.900000,-0.652630
 1.910000,-0.671737
 1.920000,-0.690778
 1.930000,-0.709753
 1.940000,-0.728659
 1.950000,-0.747493
 1.960000,-0.766255
 1.970000,-0.784942
 1.980000,-0.803552
 1.990000,-0.822084
 2.000000,-0.840535
 2.010000,-0.858905
 2.020000,-0.877190
 2.030000,-0.895389
 2.040000,-0.913501
 2.050000,-0.931523
 2.060000,-0.949454
 2.070000,-0.967291
 2.080000,-0.985034
 2.090000,-1.002680
 2.100000,-1.020227
 2.110000,-1.037674
 2.120000,-1.055019
 2.130000,-1.072261
 2.140000,-1.089397
 2.150000,-1.106425
 2.160000,-1.123345
 2.170000,-1.140154
 2.180000,-1.156851
 2.190000,-1.173433
 2.200000,-1.189900
 2.210000,-1.206250
 2.220000,-1.222480
 2.230000,-1.238591
 2.240000,-1.254578
 2.250000,-1.270442
 2.260000,-1.286181
 2.270000,-1.301792
 2.280000,-1.317275
 2.290000,-1.332628
 2.300000,-1.347848
 2.310000,-1.362936
 2.320000,-1.377889
 2.330000,-1.392705
 2.340000,-1.407384
 2.350000,-1.421924
 2.360000,-1.436322
 2.370000,-1.450579
 2.380000,-1.464692
 2.390000,-1.478660
 2.400000,-1.492481
 2.410000,-1.506155
 2.420000,-1.519679
 2.430000,-1.533053
 2.440000,-1.546274
 2.450000,-1.559343
 2.460000,-1.572257
 2.470000,-1.585014
 2.480000,-1.597615
 2.490000,-1.610057
 2.500000,-1.622340
 2.510000,-1.634461
 2.520000,-1.646420
 2.530000,-1.658216
 2.540000,-1.669847
 2.550000,-1.681312
 2.560000,-1.692610
 2.570000,-1.703740
 2.580000,-1.714701
 2.590000,-1.725491
 2.600000,-1.736110
 2.610000,-1.746557
 2.620000,-1.756830
 2.630000,-1.766928
 2.640000,-1.776850
 2.650000,-1.786596
 2.660000,-1.796164
 2.670000,-1.805554
 2.680000,-1.814763
 2.690000,-1.823793
 2.700000,-1.832641
 2.710000,-1.841306
 2.720000,-1.849788
 2.730000,-1.858086
 2.740000,-1.866199
 2.750000,-1.874126
 2.760000,-1.881867
 2.770000,-1.889420
 2.780000,-1.896785
 2.790000,-1.903961
 2.800000,-1.910948
 2.810000,-1.917744
 2.820000,-1.924349
 2.830000,-1.930762
 2.840000,-1.936982
 2.850000,-1.943010
 2.860000,-1.948844
 2.870000,-1.954484
 2.880000,-1.959928
 2.890000,-1.965178
 2.900000,-1.970231
 2.910000,-1.975088
 2.920000,-1.979747
 2.930000,-1.984210
 2.940000,-1.988474
 2.950000,-1.992540
 2.960000,-1.996407
 2.970000,-2.000075
 2.980000,-2.003543
 2.990000,-2.006811
 3.000000,-2.009878
 3.010000,-2.012746
 3.020000,-2.015412
 3.030000,-2.017876
 3.040000,-2.020140
 3.050000,-2.022201
 3.060000,-2.024061
 3.070000,-2.025718
 3.080000,-2.027173
 3.090000,-2.028425
 3.100000,-2.029474
 3.110000,-2.030321
 3.120000,-2.030965
 3.130000,-2.031406
 3.140000,-2.031643
 3.150000,-2.031678
 3.160000,-2.031509
 3.170000,-2.031137
 3.180000,-2.030562
 3.190000,-2.029784
 3.200000,-2.028803
 3.210000,-2.027619
 3.220000,-2.026232
 3.230000,-2.024642
 3.240000,-2.022850
 3.250000,-2.020855
 3.260000,-2.018658
 3.270000,-2.016258
 3.280000,-2.013657
 3.290000,-2.010854
 3.300000,-2.007850
 3.310000,-2.004645
 3.320000,-2.001239
 3.330000,-1.997633
 3.340000,-1.993826
 3.350000,-1.989820
 3.360000,-1.985614
 3.370000,-1.981209
 3.380000,-1.976606
 3.390000,-1.971805
 3.400000,-1.966806
 3.410000,-1.961610
 3.420000,-1.956217
 3.430000,-1.950628
 3.440000,-1.944843
 3.450000,-1.938863
 3.460000,-1.932689
 3.470000,-1.926321
 3.480000,-1.919759
 3.490000,-1.913005
 3.500000,-1.906059
 3.510000,-1.898922
 3.520000,-1.891594
 3.530000,-1.884076
 3.540000,-1.876370
 3.550000,-1.868474
 3.560000,-1.860391
 3.570000,-1.852121
 3.580000,-1.843665
 3.590000,-1.835024
 3.600000,-1.826199
 3.610000,-1.817190
 3.620000,-1.807998
 3.630000,-1.798625
 3.640000,-1.789071
 3.650000,-1.779337
 3.660000,-1.769424
 3.670000,-1.759333
 3.680000,-1.749066
 3.690000,-1.738622
 3.700000,-1.728003
 3.710000,-1.717211
 3.720000,-1.706246
 3.730000,-1.695109
 3.740000,-1.683801
 3.750000,-1.672324
 3.760000,-1.660679
 3.770000,-1.648866
 3.780000,-1.636887
 3.790000,-1.624743
 3.800000,-1.612436
 3.810000,-1.599966
 3.820000,-1.587335
 3.830000,-1.574544
 3.840000,-1.561594
 3.850000,-1.548487
 3.860000,-1.535224
 3.870000,-1.521805
 3.880000,-1.508233
 3.890000,-1.494509
 3.900000,-1.480635
 3.910000,-1.466610
 3.920000,-1.452438
 3.930000,-1.438119
 3.940000,-1.423655
 3.950000,-1.409047
 3.960000,-1.394297
 3.970000,-1.379405
 3.980000,-1.364374
 3.990000,-1.349206
 4.000000,-1.333901
 4.010000,-1.318461
 4.020000,-1.302887
 4.030000,-1.287182
 4.040000,-1.271346
 4.050000,-1.255382
 4.060000,-1.239291
 4.070000,-1.223074
 4.080000,-1.206733
 4.090000,-1.190270
 4.100000,-1.173686
 4.110000,-1.156983
 4.120000,-1.140163
 4.130000,-1.123227
 4.140000,-1.106177
 4.150000,-1.089015
 4.160000,-1.071742
 4.170000,-1.054360
 4.180000,-1.036871
 4.190000,-1.019277
 4.200000,-1.001578
 4.210000,-0.983778
 4.220000,-0.965878
 4.230000,-0.947880
 4.240000,-0.929785
 4.250000,-0.911595
 4.260000,-0.893312
 4.270000,-0.874938
 4.280000,-0.856474
 4.290000,-0.837923
 4.300000,-0.819287
 4.310000,-0.800566
 4.320000,-0.781764
 4.330000,-0.762882
 4.340000,-0.743921
 4.350000,-0.724885
 4.360000,-0.705773
 4.370000,-0.686590
 4.380000,-0.667335
 4.390000,-0.648013
 4.400000,-0.628623
 4.410000,-0.609168
 4.420000,-0.589651
 4.430000,-0.570073
 4.440000,-0.550436
 4.450000,-0.530742
 4.460000,-0.510992
 4.470000,-0.491190
 4.480000,-0.471337
 4.490000,-0.451434
 4.500000,-0.431484
 4.510000,-0.411490
 4.520000,-0.391452
 4.530000,-0.371372
 4.540000,-0.351254
 4.550000,-0.331099
 4.560000,-0.310908
 4.570000,-0.290685
 4.580000,-0.270430
 4.590000,-0.250146
 4.600000,-0.229835
 4.610000,-0.209500
 4.620000,-0.189141
 4.630000,-0.168761
 4.640000,-0.148362
 4.650000,-0.127947
 4.660000,-0.107516
 4.670000,-0.087073
 4.680000,-0.066619
 4.690000,-0.046157
 4.700000,-0.025687
 4.710000,-0.005213
 4.720000,0.015263
 4.730000,0.035740
 4.740000,0.056216
 4.750000,0.076688
 4.760000,0.097154
 4.770000,0.117613
 4.780000,0.138062
 4.790000,0.158499
 4.800000,0.178922
 4.810000,0.199330
 4.820000,0.219719
 4.830000,0.240089
 4.840000,0.260436
 4.850000,0.280760
 4.860000,0.301058
 4.870000,0.321327
 4.880000,0.341567
 4.890000,0.361774
 4.900000,0.381947
 4.910000,0.402084
 4.920000,0.422183
 4.930000,0.442242
 4.940000,0.462258
 4.950000,0.482230
 4.960000,0.502156
 4.970000,0.522034
 4.980000,0.541861
 4.990000,0.561637
 5.000000,0.581358
 5.010000,0.601023
 5.020000,0.620630
 5.030000,0.640176
 5.040000,0.659661
 5.050000,0.679081
 5.060000,0.698436
 5.070000,0.717723
 5.080000,0.736940
 5.090000,0.756085
 5.100000,0.775156
 5.110000,0.794152
 5.120000,0.813070
 5.130000,0.831909
 5.140000,0.850667
 5.150000,0.869341
 5.160000,0.887931
 5.170000,0.906433
 5.180000,0.924847
 5.190000,0.943170
 5.200000,0.961400
 5.210000,0.979536
 5.220000,0.997576
 5.230000,1.015518
 5.240000,1.033361
 5.250000,1.051101
 5.260000,1.068739
 5.270000,1.086271
 5.280000,1.103697
 5.290000,1.121013
 5.300000,1.138220
 5.310000,1.155314
 5.320000,1.172295
 5.330000,1.189160
 5.340000,1.205907
 5.350000,1.222536
 5.360000,1.239044
 5.370000,1.255430
 5.380000,1.271693
 5.390000,1.287829
 5.400000,1.303838
 5.410000,1.319719
 5.420000,1.335469
 5.430000,1.351088
 5.440000,1.366572
 5.450000,1.381922
 5.460000,1.397135
 5.470000,1.412209
 5.480000,1.427144
 5.490000,1.441938
 5.500000,1.456589
 5.510000,1.471096
 5.520000,1.485457
 5.530000,1.499672
 5.540000,1.513737
 5.550000,1.527653
 5.560000,1.541417
 5.570000,1.555028
 5.580000,1.568486
 5.590000,1.581788
 5.600000,1.594933
 5.610000,1.607919
 5.620000,1.620747
 5.630000,1.633413
 5.640000,1.645918
 5.650000,1.658259
 5.660000,1.670435
 5.670000,1.682446
 5.680000,1.694290
 5.690000,1.705965
 5.700000,1.717471
 5.710000,1.728806
 5.720000,1.739970
 5.730000,1.750961
 5.740000,1.761777
 5.750000,1.772419
 5.760000,1.782884
 5.770000,1.793173
 5.780000,1.803283
 5.790000,1.813213
 5.800000,1.822964
 5.810000,1.832533
 5.820000,1.841919
 5.830000,1.851123
 5.840000,1.860142
 5.850000,1.868976
 5.860000,1.877624
 5.870000,1.886085
 5.880000,1.894359
 5.890000,1.902444
 5.900000,1.910339
 5.910000,1.918044
 5.920000,1.925558
 5.930000,1.932881
 5.940000,1.940010
 5.950000,1.946947
 5.960000,1.953689
 5.970000,1.960237
 5.980000,1.966589
 5.990000,1.972746
 6.000000,1.978705
 6.010000,1.984468
 6.020000,1.990033
 6.030000,1.995399
 6.040000,2.000566
 6.050000,2.005533
 6.060000,2.010301
 6.070000,2.014868
 6.080000,2.019234
 6.090000,2.023398
 6.100000,2.027361
 6.110000,2.031121
 6.120000,2.034678
 6.130000,2.038033
 6.140000,2.041184
 6.150000,2.044131
 6.160000,2.046874
 6.170000,2.049412
 6.180000,2.051746
 6.190000,2.053875
 6.200000,2.055799
 6.210000,2.057517
 6.220000,2.059030
 6.230000,2.060337
 6.240000,2.061438
 6.250000,2.062333
 6.260000,2.063022
 6.270000,2.063505
 6.280000,2.063781
 6.290000,2.063851
 6.300000,2.063715
 6.310000,2.063372
 6.320000,2.062823
 6.330000,2.062068
 6.340000,2.061106
 6.350000,2.059938
 6.360000,2.058564
 6.370000,2.056984
 6.380000,2.055198
 6.390000,2.053207
 6.400000,2.051010
 6.410000,2.048607
 6.420000,2.046000
 6.430000,2.043187
 6.440000,2.040170
 6.450000,2.036949
 6.460000,2.033524
 6.470000,2.029895
 6.480000,2.026062
 6.490000,2.022027
 6.500000,2.017789
 6.510000,2.013349
 6.520000,2.008707
 6.530000,2.003864
 6.540000,1.998820
 6.550000,1.993575
 6.560000,1.988131
 6.570000,1.982487
 6.580000,1.976644
 6.590000,1.970604
 6.600000,1.964365
 6.610000,1.957930
 6.620000,1.951298
 6.630000,1.944470
 6.640000,1.937447
 6.650000,1.930230
 6.660000,1.922819
 6.670000,1.915214
 6.680000,1.907418
 6.690000,1.899430
 6.700000,1.891251
 6.710000,1.882883
 6.720000,1.874325
 6.730000,1.865579
 6.740000,1.856646
 6.750000,1.847526
 6.760000,1.838220
 6.770000,1.828730
 6.780000,1.819055
 6.790000,1.809198
 6.800000,1.799159
 6.810000,1.788939
 6.820000,1.778539
 6.830000,1.767961
 6.840000,1.757204
 6.850000,1.746271
 6.860000,1.735161
 6.870000,1.723878
 6.880000,1.712420
 6.890000,1.700791
 6.900000,1.688990
 6.910000,1.677019
 6.920000,1.664879
 6.930000,1.652571
 6.940000,1.640097
 6.950000,1.627458
 6.960000,1.614655
 6.970000,1.601689
 6.980000,1.588561
 6.990000,1.575273
 7.000000,1.561827
 7.010000,1.548223
 7.020000,1.534462
 7.030000,1.520547
 7.040000,1.506479
 7.050000,1.492258
 7.060000,1.477887
 7.070000,1.463366
 7.080000,1.448698
 7.090000,1.433884
 7.100000,1.418924
 7.110000,1.403821
 7.120000,1.388576
 7.130000,1.373191
 7.140000,1.357667
 7.150000,1.342006
 7.160000,1.326209
 7.170000,1.310278
 7.180000,1.294214
 7.190000,1.278019
 7.200000,1.261694
 7.210000,1.245242
 7.220000,1.228664
 7.230000,1.211961
 7.240000,1.195135
 7.250000,1.178189
 7.260000,1.161122
 7.270000,1.143938
 7.280000,1.126638
 7.290000,1.109223
 7.300000,1.091695
 7.310000,1.074057
 7.320000,1.056310
 7.330000,1.038455
 7.340000,1.020494
 7.350000,1.002430
 7.360000,0.984263
 7.370000,0.965997
 7.380000,0.947632
 7.390000,0.929170
 7.400000,0.910613
 7.410000,0.891964
 7.420000,0.873224
 7.430000,0.854394
 7.440000,0.835477
 7.450000,0.816475
 7.460000,0.797389
 7.470000,0.778221
 7.480000,0.758974
 7.490000,0.739648
 7.500000,0.720247
 7.510000,0.700772
 7.520000,0.681225
 7.530000,0.661608
 7.540000,0.641923
 7.550000,0.622172
 7.560000,0.602356
 7.570000,0.582478
 7.580000,0.562540
 7.590000,0.542544
 7.600000,0.522491
 7.610000,0.502384
 7.620000,0.482225
 7.630000,0.462016
 7.640000,0.441759
 7.650000,0.421455
 7.660000,0.401107
 7.670000,0.380717
 7.680000,0.360287
 7.690000,0.339819
 7.700000,0.319314
 7.710000,0.298776
 7.720000,0.278206
 7.730000,0.257606
 7.740000,0.236978
 7.750000,0.216324
 7.760000,0.195647
 7.770000,0.174948
 7.780000,0.154230
 7.790000,0.133494
 7.800000,0.112742
 7.810000,0.091977
 7.820000,0.071201
 7.830000,0.050416
 7.840000,0.029624
 7.850000,0.008826
 7.860000,-0.011974
 7.870000,-0.032775
 7.880000,-0.053575
 7.890000,-0.074372
 7.900000,-0.095164
 7.910000,-0.115948
 7.920000,-0.136722
 7.930000,-0.157485
 7.940000,-0.178234
 7.950000,-0.198968
 7.960000,-0.219683
 7.970000,-0.240379
 7.980000,-0.261053
 7.990000,-0.281703
 8.000000,-0.302326
 8.010000,-0.322922
 8.020000,-0.343487
 8.030000,-0.364020
 8.040000,-0.384518
 8.050000,-0.404981
 8.060000,-0.425404
 8.070000,-0.445788
 8.080000,-0.466128
 8.090000,-0.486424
 8.100000,-0.506674
 8.110000,-0.526875
 8.120000,-0.547025
 8.130000,-0.567122
 8.140000,-0.587165
 8.150000,-0.607151
 8.160000,-0.627079
 8.170000,-0.646945
 8.180000,-0.666749
 8.190000,-0.686489
 8.200000,-0.706161
 8.210000,-0.725765
 8.220000,-0.745298
 8.230000,-0.764759
 8.240000,-0.784145
 8.250000,-0.803455
 8.260000,-0.822686
 8.270000,-0.841837
 8.280000,-0.860906
 8.290000,-0.879891
 8.300000,-0.898789
 8.310000,-0.917600
 8.320000,-0.936320
 8.330000,-0.954949
 8.340000,-0.973484
 8.350000,-0.991924
 8.360000,-1.010266
 8.370000,-1.028509
 8.380000,-1.046651
 8.390000,-1.064691
 8.400000,-1.082625
 8.410000,-1.100453
 8.420000,-1.118173
 8.430000,-1.135783
 8.440000,-1.153281
 8.450000,-1.170665
 8.460000,-1.187934
 8.470000,-1.205086
 8.480000,-1.222120
 8.490000,-1.239032
 8.500000,-1.255823
 8.510000,-1.272490
 8.520000,-1.289031
 8.530000,-1.305444
 8.540000,-1.321729
 8.550000,-1.337884
 8.560000,-1.353906
 8.570000,-1.369794
 8.580000,-1.385547
 8.590000,-1.401163
 8.600000,-1.416641
 8.610000,-1.431978
 8.620000,-1.447174
 8.630000,-1.462226
 8.640000,-1.477134
 8.650000,-1.491895
 8.660000,-1.506509
 8.670000,-1.520974
 8.680000,-1.535288
 8.690000,-1.549450
 8.700000,-1.563458
 8.710000,-1.577311
 8.720000,-1.591008
 8.730000,-1.604548
 8.740000,-1.617928
 8.750000,-1.631148
 8.760000,-1.644206
 8.770000,-1.657100
 8.780000,-1.669831
 8.790000,-1.682396
 8.800000,-1.694793
 8.810000,-1.707023
 8.820000,-1.719083
 8.830000,-1.730972
 8.840000,-1.742690
 8.850000,-1.754234
 8.860000,-1.765604
 8.870000,-1.776799
 8.880000,-1.787817
 8.890000,-1.798657
 8.900000,-1.809319
 8.910000,-1.819800
 8.920000,-1.830101
 8.930000,-1.840220
 8.940000,-1.850156
 8.950000,-1.859908
 8.960000,-1.869475
 8.970000,-1.878855
 8.980000,-1.888049
 8.990000,-1.897055
 9.000000,-1.905872
 9.010000,-1.914500
 9.020000,-1.922937
 9.030000,-1.931182
 9.040000,-1.939235
 9.050000,-1.947095
 9.060000,-1.954761
 9.070000,-1.962233
 9.080000,-1.969508
 9.090000,-1.976588
 9.100000,-1.983471
 9.110000,-1.990156
 9.120000,-1.996643
 9.130000,-2.002930
 9.140000,-2.009018
 9.150000,-2.014906
 9.160000,-2.020593
 9.170000,-2.026078
 9.180000,-2.031361
 9.190000,-2.036442
 9.200000,-2.041320
 9.210000,-2.045994
 9.220000,-2.050463
 9.230000,-2.054729
 9.240000,-2.058789
 9.250000,-2.062643
 9.260000,-2.066292
 9.270000,-2.069735
 9.280000,-2.072970
 9.290000,-2.075999
 9.300000,-2.078821
 9.310000,-2.081435
 9.320000,-2.083841
 9.330000,-2.086039
 9.340000,-2.088029
 9.350000,-2.089810
 9.360000,-2.091382
 9.370000,-2.092745
 9.380000,-2.093899
 9.390000,-2.094844
 9.400000,-2.095579
 9.410000,-2.096105
 9.420000,-2.096422
 9.430000,-2.096528
 9.440000,-2.096425
 9.450000,-2.096113
 9.460000,-2.095591
 9.470000,-2.094859
 9.480000,-2.093918
 9.490000,-2.092767
 9.500000,-2.091406
 9.510000,-2.089837
 9.520000,-2.088058
 9.530000,-2.086071
 9.540000,-2.083874
 9.550000,-2.081469
 9.560000,-2.078856
 9.570000,-2.076034
 9.580000,-2.073005
 9.590000,-2.069768
 9.600000,-2.066323
 9.610000,-2.062672
 9.620000,-2.058814
 9.630000,-2.054750
 9.640000,-2.050479
 9.650000,-2.046004
 9.660000,-2.041323
 9.670000,-2.036438
 9.680000,-2.031349
 9.690000,-2.026056
 9.700000,-2.020559
 9.710000,-2.014861
 9.720000,-2.008960
 9.730000,-2.002857
 9.740000,-1.996554
 9.750000,-1.990051
 9.760000,-1.983348
 9.770000,-1.976445
 9.780000,-1.969345
 9.790000,-1.962047
 9.800000,-1.954552
 9.810000,-1.946860
 9.820000,-1.938974
 9.830000,-1.930892
 9.840000,-1.922617
 9.850000,-1.914149
 9.860000,-1.905488
 9.870000,-1.896636
 9.880000,-1.887593
 9.890000,-1.878361
 9.900000,-1.868940
 9.910000,-1.859331
 9.920000,-1.849535
 9.930000,-1.839554
 9.940000,-1.829387
 9.950000,-1.819036
 9.960000,-1.808503
 9.970000,-1.797787
 9.980000,-1.786891
 9.990000,-1.775815
 10.000000,-1.764560
 